4445
0 0 1 5
2 0 3 5
4 0 5 5
6 0 8 3
9 0 12 2
13 0 18 1
19 0 20 5
21 0 24 2
25 0 25 11
26 0 26 11
27 0 30 2
31 0 32 5
33 0 38 1
39 0 44 1
45 0 48 2
49 0 52 2
53 0 54 5
55 0 55 12
56 0 69 0
70 0 71 5
72 0 72 13
73 0 75 3
76 0 87 0
88 0 99 0
100 0 100 13
101 0 102 5
103 0 114 0
115 0 115 12
116 0 116 12
117 0 117 13
118 0 119 5
120 0 120 11
121 0 122 5
123 0 123 11
124 0 127 2
128 0 131 2
132 0 133 5
134 0 134 11
135 0 135 13
136 0 148 0
149 0 154 1
155 0 155 13
157 0 157 12
158 0 158 11
159 0 161 3
162 0 165 2
167 0 167 12
168 0 169 5
170 0 171 5
172 0 172 11
173 0 175 3
176 0 178 3
179 0 179 13
180 0 185 1
186 0 191 1
192 0 193 5
194 0 195 5
196 0 197 5
198 0 209 0
210 0 210 12
211 0 211 12
212 0 214 3
216 0 216 13
218 0 218 11
219 0 222 2
223 0 223 13
224 0 227 2
228 0 230 3
232 0 233 5
234 0 234 11
235 0 247 0
248 0 248 11
249 0 249 11
250 0 250 11
251 0 252 5
253 0 254 5
255 0 257 3
56 1 61 2
62 1 63 6
64 1 64 14
65 1 67 4
76 1 77 7
80 1 81 6
82 1 82 12
83 1 84 6
85 1 90 2
91 1 96 2
103 1 103 12
105 1 106 6
107 1 108 6
109 1 109 14
110 1 110 13
111 1 113 4
114 1 114 12
136 1 138 4
139 1 142 3
143 1 146 3
148 1 148 14
166 1 166 13
199 1 202 3
203 1 203 13
205 1 205 14
207 1 209 4
231 1 231 13
236 1 236 14
238 1 241 3
242 1 242 12
243 1 245 4
246 1 246 12
247 1 247 14
13 2 18 3
33 2 35 5
36 2 37 7
38 2 38 15
40 2 43 4
97 2 98 7
149 2 151 5
153 2 153 13
154 2 154 13
180 2 183 4
184 2 187 4
190 2 190 15
198 2 198 14
10 3 12 6
22 3 22 14
23 3 23 14
28 3 30 6
45 3 46 8
48 3 49 8
50 3 51 9
52 3 52 16
56 3 59 5
86 3 86 15
87 3 87 15
89 3 89 16
92 3 93 8
94 3 94 16
95 3 95 15
96 3 96 14
125 3 125 16
126 3 131 4
156 3 156 16
163 3 165 6
215 3 215 15
220 3 221 9
224 3 225 8
226 3 226 16
7 4 9 7
15 4 15 15
16 4 18 7
21 4 21 17
44 4 44 16
47 4 47 17
60 4 61 9
73 4 73 15
75 4 75 15
90 4 91 9
124 4 124 16
141 4 146 5
159 4 161 7
174 4 174 16
177 4 177 15
178 4 178 15
199 4 199 17
200 4 200 17
201 4 202 9
212 4 212 15
214 4 214 16
227 4 228 10
230 4 230 15
240 4 240 17
255 4 268 4
14 5 14 17
24 5 24 17
39 5 42 7
43 5 43 18
65 5 67 8
111 5 111 17
112 5 112 18
126 5 126 16
127 5 127 17
128 5 128 18
137 5 137 17
147 5 147 18
176 5 176 17
181 5 184 7
186 5 186 16
206 5 207 10
209 5 209 17
217 5 217 18
229 5 229 17
243 5 243 17
244 5 245 10
255 5 255 18
256 5 257 10
0 6 2 9
3 6 4 11
20 6 20 19
31 6 31 17
33 6 33 17
34 6 34 19
53 6 54 11
57 6 57 18
58 6 59 12
68 6 71 8
78 6 78 18
102 6 102 19
104 6 104 18
118 6 119 11
121 6 122 11
130 6 132 9
139 6 140 11
141 6 144 8
145 6 145 17
149 6 150 11
151 6 151 19
162 6 162 19
168 6 170 9
175 6 175 19
192 6 192 19
193 6 193 18
194 6 197 8
222 6 222 19
232 6 232 19
237 6 237 18
252 6 252 17
254 6 254 17
10 7 13 9
27 7 29 10
30 7 30 19
63 7 63 20
79 7 81 10
83 7 83 18
106 7 106 20
107 7 108 12
138 7 138 20
164 7 164 20
165 7 165 20
173 7 173 19
188 7 188 19
208 7 208 19
238 7 238 20
6 8 9 10
16 8 18 11
35 8 37 11
56 8 56 20
76 8 77 13
84 8 85 14
98 8 98 21
101 8 101 21
159 8 160 13
161 8 161 19
180 8 182 11
183 8 185 11
32 9 32 22
40 9 41 14
45 9 46 14
48 9 49 14
65 9 67 12
68 9 68 21
69 9 69 21
71 9 71 22
88 9 88 21
92 9 92 20
93 9 93 20
99 9 99 21
141 9 142 14
143 9 143 22
163 9 163 21
191 9 191 21
194 9 194 21
195 9 196 14
204 9 204 21
213 9 213 22
224 9 224 21
1 10 1 23
10 10 12 13
13 10 13 21
42 10 42 22
51 10 51 22
60 10 60 21
70 10 70 23
74 10 74 23
90 10 91 15
105 10 105 23
131 10 132 15
168 10 171 12
201 10 201 23
219 10 220 15
9 11 9 24
19 11 19 23
27 11 28 17
29 11 29 24
79 11 79 23
81 11 81 24
136 11 136 24
207 11 207 22
235 11 235 23
245 11 245 24
256 11 262 12
2 12 3 17
7 12 7 24
17 12 17 25
18 12 18 23
25 12 26 17
37 12 37 24
53 12 53 23
118 12 118 23
120 12 120 25
122 12 122 23
123 12 123 23
129 12 130 17
134 12 134 23
139 12 139 24
140 12 140 24
144 12 144 24
150 12 150 24
158 12 158 23
172 12 172 25
182 12 182 25
183 12 183 23
218 12 218 23
228 12 228 25
234 12 234 25
248 12 250 15
39 13 39 25
54 13 55 19
58 13 59 18
65 13 65 25
82 13 82 24
97 13 97 25
103 13 103 26
107 13 108 19
113 13 116 15
152 13 152 25
157 13 157 26
167 13 167 26
168 13 169 19
171 13 171 25
210 13 211 18
225 13 225 26
241 13 242 18
246 13 246 24
256 13 256 24
0 14 0 26
8 14 8 26
10 14 10 27
11 14 11 27
35 14 35 27
36 14 36 27
50 14 50 27
61 14 62 19
76 14 76 27
77 14 77 27
110 14 110 26
149 14 149 27
153 14 153 26
154 14 154 25
160 14 160 27
166 14 166 27
184 14 185 19
202 14 203 19
227 14 227 26
231 14 231 27
233 14 233 27
244 14 244 26
4 15 5 20
12 15 12 28
16 15 16 27
22 15 23 21
41 15 41 28
46 15 46 28
48 15 48 28
96 15 96 27
117 15 117 28
133 15 133 28
141 15 141 28
142 15 142 27
195 15 198 17
205 15 206 21
223 15 223 28
239 15 239 28
15 16 15 29
66 16 67 21
73 16 73 29
75 16 75 29
84 16 87 18
90 16 91 21
95 16 95 27
113 16 113 29
114 16 115 21
116 16 116 29
121 16 121 28
132 16 132 29
170 16 170 28
177 16 178 21
179 16 180 21
181 16 181 28
212 16 212 27
215 16 216 22
219 16 219 29
220 16 220 29
230 16 230 27
247 16 250 18
40 17 40 29
44 17 44 30
52 17 52 30
124 17 126 20
146 17 146 29
174 17 174 30
186 17 186 29
189 17 189 29
214 17 214 30
2 18 2 29
14 18 14 29
24 18 24 31
25 18 27 21
31 18 31 29
33 18 33 31
47 18 47 31
111 18 111 29
127 18 127 29
129 18 130 23
131 18 131 31
135 18 135 30
137 18 137 31
145 18 145 30
176 18 176 31
195 18 200 19
209 18 209 29
229 18 229 29
240 18 240 30
243 18 243 30
251 18 254 20
3 19 3 32
57 19 58 25
78 19 78 32
83 19 83 30
84 19 84 31
86 19 87 25
94 19 94 31
104 19 104 32
147 19 148 25
187 19 187 32
193 19 193 31
210 19 210 30
237 19 237 32
242 19 242 30
247 19 249 22
250 19 250 31
6 20 6 32
30 20 30 31
43 20 43 33
61 20 61 32
72 20 72 32
107 20 107 33
161 20 161 31
169 20 169 33
173 20 173 33
184 20 184 33
185 20 185 33
188 20 188 32
197 20 197 33
198 20 198 31
200 20 200 33
203 20 203 32
208 20 208 33
4 21 5 26
20 21 21 26
56 21 56 33
62 21 64 24
92 21 92 33
93 21 93 34
102 21 102 33
138 21 138 33
156 21 156 34
221 21 221 33
236 21 236 34
251 21 253 24
255 21 255 33
13 22 13 35
22 22 23 27
25 22 26 28
45 22 45 34
60 22 60 33
66 22 66 33
67 22 69 25
88 22 88 35
89 22 91 25
98 22 100 25
112 22 112 34
114 22 114 33
115 22 115 33
125 22 125 35
163 22 165 25
177 22 179 25
190 22 191 27
194 22 194 35
204 22 204 35
224 22 224 35
241 22 241 35
28 23 28 35
42 23 42 36
51 23 51 35
101 23 101 36
108 23 108 36
155 23 155 35
195 23 195 35
206 23 206 35
207 23 207 36
213 23 213 35
238 23 238 36
247 23 247 35
248 23 248 35
18 24 19 29
38 24 38 36
53 24 55 27
71 24 71 37
79 24 80 29
105 24 106 30
118 24 118 36
122 24 122 35
123 24 123 36
130 24 130 36
134 24 134 37
158 24 159 30
175 24 175 36
183 24 183 37
196 24 196 37
215 24 218 26
235 24 235 37
249 24 249 36
1 25 1 37
7 25 7 38
27 25 27 37
34 25 34 38
37 25 37 38
81 25 81 37
82 25 82 37
128 25 129 30
136 25 136 37
139 25 139 38
140 25 140 38
143 25 144 30
150 25 150 38
226 25 226 37
245 25 245 38
246 25 246 38
251 25 253 28
256 25 269 25
39 26 39 39
49 26 49 38
62 26 63 31
64 26 65 32
68 26 69 31
74 26 74 39
85 26 86 31
91 26 91 37
97 26 97 37
98 26 98 38
99 26 99 38
100 26 100 37
126 26 126 38
148 26 148 39
152 26 152 39
154 26 154 39
162 26 165 28
171 26 171 37
172 26 172 39
177 26 177 39
179 26 180 31
182 26 182 38
234 26 234 38
0 27 0 38
4 27 5 32
8 27 8 40
20 27 21 32
57 27 57 40
70 27 70 40
109 27 110 32
153 27 153 39
216 27 218 30
225 27 225 39
227 27 227 40
244 27 244 38
256 27 258 30
10 28 11 33
16 28 16 41
22 28 23 33
53 28 53 39
55 28 55 41
95 28 96 33
103 28 103 40
142 28 142 41
190 28 190 39
191 28 192 33
212 28 212 40
215 28 215 41
230 28 230 40
29 29 29 41
59 29 59 41
117 29 117 42
121 29 121 40
157 29 157 42
162 29 162 42
163 29 163 40
164 29 164 40
165 29 165 42
170 29 170 42
181 29 181 42
201 29 201 42
205 29 205 41
231 29 232 34
233 29 233 42
239 29 239 42
251 29 252 34
253 29 253 42
2 30 2 43
14 30 14 42
17 30 18 36
31 30 31 43
40 30 40 43
46 30 46 42
79 30 79 43
80 30 80 43
111 30 111 42
127 30 127 41
133 30 133 43
146 30 146 41
160 30 160 43
186 30 186 42
189 30 189 43
209 30 209 43
229 30 229 43
15 31 15 44
25 31 25 44
52 31 52 44
67 31 67 44
83 31 83 43
113 31 113 44
128 31 128 43
129 31 129 43
135 31 135 42
144 31 144 44
145 31 145 44
158 31 158 44
166 31 166 43
210 31 210 43
214 31 214 43
216 31 216 43
217 31 217 44
218 31 218 44
219 31 219 44
220 31 220 44
240 31 240 44
242 31 242 44
243 31 243 43
256 31 259 33
30 32 30 45
44 32 44 45
47 32 48 38
62 32 62 43
63 32 63 45
69 32 69 44
84 32 84 44
85 32 85 44
86 32 86 44
87 32 87 44
89 32 89 45
94 32 94 44
106 32 106 45
131 32 131 44
149 32 149 44
161 32 161 44
168 32 168 44
178 32 179 38
193 32 193 43
198 32 198 43
211 32 211 44
250 32 250 45
3 33 5 36
6 33 6 45
20 33 20 46
36 33 36 45
61 33 61 46
72 33 72 46
76 33 76 45
90 33 90 45
104 33 104 46
105 33 105 46
109 33 109 46
187 33 187 46
188 33 188 46
202 33 203 38
9 34 9 47
10 34 11 39
19 34 19 47
22 34 23 39
24 34 24 47
32 34 33 40
56 34 56 47
60 34 60 47
64 34 66 37
92 34 92 47
95 34 95 46
102 34 102 47
114 34 115 39
138 34 138 45
169 34 169 46
173 34 174 39
191 34 191 47
192 34 192 47
200 34 200 47
221 34 221 46
254 34 255 39
45 35 45 48
68 35 68 48
73 35 73 47
107 35 107 48
112 35 112 48
116 35 116 48
222 35 223 40
231 35 231 48
236 35 236 47
251 35 251 47
252 35 252 47
12 36 13 41
28 36 28 49
51 36 51 49
119 36 120 42
122 36 122 49
155 36 155 49
156 36 156 48
180 36 180 49
194 36 195 41
206 36 206 49
213 36 213 49
224 36 224 48
228 36 228 49
247 36 248 42
256 36 258 39
3 37 5 40
26 37 26 50
38 37 38 48
41 37 41 50
50 37 50 50
77 37 78 43
93 37 93 50
118 37 118 50
123 37 125 40
130 37 130 49
151 37 151 49
175 37 176 42
184 37 184 50
208 37 208 50
238 37 238 50
241 37 241 49
249 37 249 48
1 38 1 49
27 38 27 49
64 38 64 49
65 38 65 49
81 38 82 43
88 38 88 51
91 38 91 49
97 38 97 49
100 38 100 51
136 38 136 50
141 38 141 51
171 38 171 51
183 38 183 50
226 38 226 50
235 38 235 50
0 39 0 52
34 39 34 51
49 39 49 51
98 39 99 44
126 39 126 52
179 39 179 51
182 39 182 50
196 39 197 44
202 39 202 52
234 39 234 52
244 39 244 50
10 40 11 45
17 40 18 46
22 40 22 53
23 40 23 53
48 40 48 52
53 40 54 45
96 40 96 53
114 40 115 45
137 40 137 52
140 40 140 52
152 40 153 45
173 40 173 52
185 40 185 53
190 40 190 51
225 40 225 53
254 40 255 46
256 40 269 40
3 41 5 44
7 41 7 53
57 41 57 54
66 41 66 53
103 41 103 54
121 41 121 52
123 41 125 44
132 41 132 53
159 41 159 53
163 41 164 46
167 41 167 54
199 41 199 54
204 41 204 53
212 41 212 53
222 41 223 46
230 41 230 54
246 41 246 53
12 42 12 54
13 42 13 55
29 42 29 55
42 42 42 55
47 42 47 54
59 42 59 55
71 42 71 55
127 42 127 55
146 42 146 55
177 42 177 54
194 42 194 54
205 42 205 55
207 42 207 54
14 43 14 55
46 43 46 55
70 43 70 56
110 43 111 48
135 43 135 56
139 43 139 55
142 43 142 56
148 43 148 55
150 43 150 56
174 43 175 48
176 43 176 56
186 43 186 55
195 43 195 56
256 43 257 48
8 44 8 57
31 44 32 49
39 44 40 49
43 44 43 56
62 44 62 56
77 44 77 57
80 44 81 49
82 44 83 50
117 44 117 56
119 44 119 56
128 44 128 55
129 44 129 55
147 44 147 56
154 44 154 56
162 44 162 57
166 44 166 55
178 44 178 57
193 44 193 57
198 44 198 57
201 44 201 56
210 44 210 56
214 44 216 47
243 44 243 55
247 44 247 57
3 45 5 48
16 45 16 57
52 45 52 57
69 45 69 57
78 45 78 57
84 45 85 50
86 45 86 57
87 45 87 58
94 45 94 58
99 45 99 56
101 45 101 58
123 45 123 57
124 45 124 57
131 45 131 58
145 45 145 57
149 45 149 58
157 45 158 50
160 45 161 50
168 45 168 58
170 45 170 58
196 45 197 50
211 45 211 56
218 45 220 48
237 45 237 58
253 45 253 57
2 46 2 58
6 46 6 59
11 46 11 57
21 46 21 58
33 46 33 59
35 46 37 49
53 46 54 52
74 46 76 49
89 46 90 52
113 46 113 58
114 46 115 52
133 46 133 59
138 46 138 58
152 46 152 59
153 46 153 58
203 46 203 59
209 46 209 58
18 47 18 60
30 47 30 59
58 47 58 60
95 47 95 60
105 47 105 59
125 47 125 59
143 47 143 59
164 47 164 58
169 47 169 58
188 47 188 59
221 47 223 50
227 47 227 60
242 47 242 60
19 48 20 53
24 48 25 53
55 48 56 53
60 48 60 60
72 48 73 53
120 48 120 60
144 48 144 61
181 48 181 60
191 48 191 61
232 48 232 61
233 48 233 60
236 48 236 60
245 48 245 61
251 48 252 53
3 49 3 61
4 49 4 61
9 49 9 62
38 49 38 61
79 49 79 61
98 49 98 62
102 49 102 62
108 49 108 62
110 49 110 62
111 49 111 60
156 49 156 60
172 49 172 61
175 49 175 60
215 49 220 50
224 49 224 62
239 49 240 54
248 49 250 52
254 49 260 50
1 50 1 63
27 50 27 63
31 50 31 61
35 50 35 62
36 50 36 62
39 50 39 61
61 50 61 62
63 50 65 53
67 50 68 56
80 50 80 61
91 50 91 62
97 50 97 63
106 50 107 55
130 50 130 62
134 50 134 62
151 50 151 61
229 50 229 62
241 50 241 61
81 51 82 56
83 51 83 64
84 51 84 64
93 51 93 63
136 51 136 64
157 51 157 64
158 51 158 62
160 51 160 64
182 51 183 56
196 51 197 56
215 51 215 63
218 51 219 56
226 51 226 64
235 51 235 63
244 51 244 63
256 51 256 63
34 52 34 64
49 52 49 65
161 52 161 65
165 52 165 65
179 52 179 65
180 52 180 64
190 52 190 65
220 52 222 55
223 52 223 64
231 52 231 64
48 53 48 66
53 53 53 65
76 53 76 65
85 53 85 65
89 53 89 66
104 53 104 65
115 53 115 65
121 53 122 58
126 53 126 65
137 53 137 66
140 53 141 58
163 53 163 66
173 53 174 59
248 53 250 56
7 54 7 66
19 54 19 67
23 54 26 56
44 54 44 66
55 54 55 67
63 54 66 56
72 54 72 67
132 54 132 66
159 54 159 65
202 54 202 66
204 54 204 67
206 54 206 66
208 54 208 66
212 54 212 67
246 54 246 67
251 54 251 67
12 55 12 68
28 55 28 67
47 55 47 66
51 55 51 68
56 55 56 67
92 55 92 67
177 55 177 68
194 55 194 67
200 55 200 67
207 55 207 66
228 55 228 67
238 55 238 67
239 55 240 60
254 55 254 68
0 56 0 68
10 56 10 69
14 56 14 69
42 56 42 69
46 56 46 69
88 56 88 69
90 56 90 68
107 56 107 69
127 56 129 59
139 56 139 69
148 56 148 67
155 56 155 69
166 56 166 67
186 56 186 69
205 56 205 68
225 56 225 68
243 56 243 69
17 57 17 70
23 57 24 62
41 57 41 70
43 57 43 70
62 57 63 62
64 57 67 59
68 57 68 69
70 57 71 63
82 57 82 70
99 57 99 70
116 57 119 59
147 57 147 70
154 57 154 69
183 57 183 70
195 57 196 62
201 57 201 70
210 57 211 63
217 57 222 58
249 57 249 68
11 58 11 70
13 58 13 70
16 58 16 70
25 58 25 71
37 58 37 70
52 58 52 71
69 58 69 71
73 58 73 70
75 58 75 70
78 58 78 71
86 58 86 71
106 58 106 71
123 58 123 69
124 58 124 71
145 58 145 71
184 58 184 71
187 58 187 70
189 58 189 70
253 58 253 71
2 59 2 72
20 59 21 64
94 59 94 72
100 59 101 65
109 59 109 71
113 59 113 72
114 59 114 72
122 59 122 71
138 59 138 71
140 59 141 65
153 59 153 71
164 59 164 71
167 59 169 62
170 59 170 72
185 59 185 72
209 59 209 71
218 59 218 71
219 59 220 64
221 59 221 72
30 60 30 73
59 60 59 72
65 60 65 71
66 60 66 71
105 60 105 73
125 60 125 71
143 60 143 73
146 60 146 73
149 60 150 65
188 60 188 72
213 60 213 73
247 60 247 72
5 61 5 74
33 61 33 74
50 61 50 73
60 61 60 74
64 61 64 73
96 61 96 74
111 61 111 74
118 61 120 64
129 61 129 73
156 61 156 72
174 61 175 67
178 61 178 73
181 61 181 74
192 61 192 73
233 61 234 66
236 61 237 66
239 61 240 66
252 61 252 73
3 62 4 67
22 62 22 74
26 62 26 74
31 62 31 75
38 62 39 68
67 62 67 75
79 62 79 74
80 62 80 73
87 62 87 75
117 62 117 75
142 62 142 74
151 62 151 73
162 62 162 74
171 62 172 67
197 62 197 75
241 62 241 75
9 63 9 75
23 63 23 75
35 63 36 69
57 63 57 75
61 63 61 75
63 63 63 75
74 63 74 76
91 63 91 75
108 63 108 75
112 63 112 75
127 63 128 68
130 63 130 76
133 63 134 68
152 63 152 76
158 63 158 75
196 63 196 75
214 63 214 76
229 63 229 74
255 63 255 75
54 64 54 77
58 64 58 77
93 64 93 77
103 64 103 76
168 64 168 77
198 64 198 76
199 64 199 77
210 64 211 69
215 64 216 70
227 64 227 77
235 64 235 76
244 64 244 77
256 64 256 75
20 65 20 78
21 65 21 76
34 65 34 76
81 65 81 78
110 65 110 77
118 65 118 78
120 65 120 78
180 65 180 77
220 65 220 76
223 65 223 77
230 65 231 70
8 66 8 79
29 66 29 79
49 66 49 79
53 66 53 78
71 66 71 78
76 66 76 78
85 66 85 78
101 66 102 71
104 66 104 77
115 66 115 77
126 66 126 77
141 66 141 78
144 66 144 79
149 66 150 72
159 66 159 77
176 66 176 78
179 66 179 79
182 66 182 78
190 66 191 71
6 67 6 80
7 67 7 79
27 67 27 79
44 67 44 80
47 67 47 80
48 67 48 79
62 67 62 80
83 67 84 73
97 67 97 80
100 67 100 79
132 67 132 80
165 67 165 79
169 67 169 80
202 67 203 72
206 67 207 72
208 67 208 80
222 67 222 79
233 67 233 78
234 67 234 78
237 67 237 80
239 67 240 72
250 67 250 80
3 68 3 79
19 68 19 80
28 68 28 79
40 68 40 81
55 68 56 74
92 68 92 79
137 68 137 80
148 68 148 79
160 68 161 74
166 68 167 73
171 68 174 70
193 68 195 71
200 68 200 80
228 68 228 80
238 68 238 80
0 69 1 74
15 69 15 82
38 69 39 74
70 69 70 81
72 69 72 82
90 69 90 80
98 69 98 82
127 69 127 82
131 69 131 82
133 69 134 75
205 69 205 82
224 69 225 74
249 69 249 81
35 70 35 82
68 70 68 81
119 70 119 83
123 70 123 83
128 70 128 83
154 70 154 82
177 70 177 82
210 70 210 83
211 70 211 83
243 70 243 83
10 71 12 74
13 71 14 76
16 71 17 76
36 71 37 76
41 71 43 74
45 71 45 83
73 71 73 82
75 71 75 84
107 71 107 83
135 71 135 84
139 71 139 83
171 71 172 76
173 71 174 76
186 71 186 83
187 71 187 83
189 71 189 84
217 71 217 83
230 71 231 76
242 71 242 83
246 71 246 84
32 72 32 85
52 72 52 84
65 72 65 83
66 72 66 85
86 72 86 85
99 72 99 84
101 72 101 85
102 72 102 83
109 72 109 85
121 72 122 77
124 72 124 85
125 72 125 83
138 72 138 85
147 72 147 84
153 72 153 85
164 72 164 84
183 72 183 85
190 72 190 85
193 72 193 85
194 72 194 85
209 72 209 85
212 72 212 84
216 72 216 84
218 72 218 84
251 72 251 84
253 72 253 85
2 73 2 86
59 73 59 85
150 73 150 86
156 73 156 85
170 73 170 86
184 73 184 85
188 73 188 85
201 73 203 76
204 73 204 85
206 73 206 84
207 73 207 85
215 73 215 86
239 73 240 78
247 73 247 86
25 74 25 87
46 74 46 86
50 74 51 79
64 74 64 86
80 74 80 86
88 74 89 79
94 74 94 87
129 74 129 85
151 74 151 85
166 74 166 85
178 74 178 86
192 74 192 86
213 74 213 86
252 74 252 86
1 75 1 87
4 75 4 87
22 75 22 87
26 75 26 87
38 75 39 80
55 75 55 88
77 75 79 78
83 75 83 88
96 75 96 88
106 75 106 87
142 75 142 88
145 75 145 87
146 75 146 88
157 75 157 88
160 75 162 78
185 75 185 87
225 75 225 88
229 75 229 86
9 76 9 88
11 76 11 88
23 76 24 81
31 76 31 89
57 76 57 87
61 76 61 88
63 76 63 89
67 76 67 89
84 76 84 89
91 76 91 87
108 76 108 89
112 76 112 88
116 76 116 88
149 76 149 89
155 76 155 88
158 76 158 87
195 76 195 88
196 76 196 89
197 76 197 88
236 76 236 89
254 76 254 88
255 76 255 87
256 76 257 81
14 77 14 88
16 77 18 80
21 77 21 88
33 77 34 82
36 77 36 88
69 77 69 90
74 77 74 90
103 77 103 89
130 77 130 89
133 77 133 90
171 77 171 90
173 77 175 80
198 77 198 89
202 77 202 90
220 77 220 90
230 77 232 80
235 77 235 90
241 77 241 90
245 77 245 89
10 78 10 91
12 78 13 83
58 78 58 91
95 78 95 91
104 78 104 91
110 78 110 91
113 78 115 81
117 78 117 90
122 78 122 91
126 78 126 89
159 78 159 89
180 78 180 89
199 78 199 90
203 78 203 91
223 78 224 84
248 78 248 90
53 79 53 92
71 79 71 92
76 79 76 92
77 79 78 84
79 79 79 92
81 79 81 92
85 79 85 92
111 79 111 91
120 79 120 92
121 79 121 91
134 79 134 92
141 79 141 90
160 79 161 84
162 79 162 90
176 79 176 92
181 79 182 84
221 79 221 91
233 79 233 91
234 79 234 90
240 79 240 92
3 80 3 91
7 80 7 93
27 80 27 91
28 80 29 85
48 80 49 86
50 80 50 93
89 80 89 93
92 80 92 93
100 80 100 92
148 80 148 92
152 80 152 92
165 80 165 92
168 80 168 93
172 80 172 92
191 80 191 92
222 80 222 93
16 81 16 94
19 81 20 86
39 81 39 94
51 81 51 94
88 81 88 94
90 81 90 94
132 81 132 93
137 81 137 94
173 81 174 86
200 81 200 92
227 81 228 86
230 81 230 92
238 81 239 86
0 82 0 95
5 82 5 95
18 82 18 94
23 82 24 87
30 82 30 94
68 82 68 94
70 82 70 94
113 82 115 85
143 82 143 95
226 82 226 95
231 82 231 94
249 82 249 95
256 82 262 83
33 83 35 86
47 83 47 96
62 83 62 95
73 83 73 95
97 83 98 88
127 83 127 96
154 83 154 96
177 83 177 95
12 84 12 96
17 84 17 97
41 84 41 97
42 84 45 86
65 84 65 97
102 84 102 95
107 84 107 97
125 84 125 97
128 84 128 96
139 84 139 95
144 84 144 97
186 84 186 95
187 84 187 95
210 84 211 89
217 84 217 96
242 84 242 97
244 84 244 97
256 84 259 86
38 85 38 97
40 85 40 97
52 85 52 98
54 85 54 98
78 85 78 96
99 85 99 98
147 85 147 96
160 85 160 96
164 85 164 96
182 85 182 98
206 85 206 98
212 85 212 98
216 85 216 96
218 85 219 90
243 85 243 97
251 85 251 96
28 86 29 91
56 86 56 99
59 86 59 99
77 86 77 98
113 86 115 89
119 86 119 98
123 86 123 99
129 86 129 98
151 86 151 98
156 86 156 97
166 86 166 98
184 86 184 99
188 86 189 92
204 86 204 98
205 86 205 98
207 86 208 91
214 86 214 99
19 87 19 98
33 87 33 100
42 87 45 89
46 87 46 98
64 87 64 98
80 87 80 99
131 87 131 99
173 87 174 92
178 87 178 100
192 87 192 98
213 87 213 100
223 87 224 92
227 87 227 100
228 87 228 98
229 87 229 100
238 87 238 98
239 87 239 100
250 87 250 99
252 87 252 100
256 87 256 98
1 88 1 100
2 88 2 101
4 88 4 99
22 88 22 100
23 88 26 90
48 88 49 93
57 88 57 99
91 88 91 99
101 88 101 100
105 88 106 94
145 88 145 101
153 88 153 101
158 88 158 100
185 88 185 100
190 88 190 100
201 88 201 100
246 88 246 101
255 88 255 101
8 89 9 94
11 89 11 100
13 89 15 92
21 89 21 101
34 89 34 102
35 89 36 94
37 89 37 102
61 89 61 102
66 89 66 102
83 89 83 102
86 89 87 94
93 89 94 94
96 89 98 92
112 89 112 100
116 89 116 102
146 89 146 101
155 89 155 100
157 89 157 102
195 89 195 102
197 89 197 102
215 89 215 101
225 89 225 102
254 89 254 102
6 90 6 103
43 90 43 103
60 90 60 102
103 90 103 102
114 90 114 101
124 90 124 103
126 90 126 101
130 90 130 102
135 90 135 102
140 90 140 102
142 90 142 102
159 90 159 102
169 90 169 103
179 90 181 93
183 90 183 103
198 90 198 103
209 90 211 93
237 90 237 103
245 90 245 102
23 91 23 104
31 91 32 97
69 91 69 104
74 91 75 96
117 91 117 104
141 91 141 102
161 91 163 94
194 91 194 104
196 91 196 103
199 91 199 103
218 91 219 96
234 91 236 94
247 91 247 103
248 91 248 103
3 92 3 105
25 92 27 95
28 92 28 105
55 92 55 104
110 92 110 105
111 92 111 105
121 92 122 97
136 92 136 105
193 92 193 105
207 92 207 104
208 92 208 104
221 92 221 103
233 92 233 104
10 93 10 105
13 93 15 96
42 93 42 106
44 93 44 105
81 93 81 106
96 93 97 98
98 93 98 105
100 93 100 105
134 93 134 105
148 93 149 98
152 93 152 106
165 93 165 106
167 93 167 106
170 93 171 98
172 93 174 96
176 93 176 106
191 93 191 106
200 93 200 104
202 93 202 106
223 93 224 98
230 93 230 104
241 93 241 106
48 94 48 106
49 94 49 106
50 94 50 106
92 94 92 106
132 94 133 99
180 94 180 107
188 94 188 107
211 94 211 107
222 94 222 106
7 95 8 100
9 95 9 108
18 95 18 107
30 95 30 108
35 95 36 100
53 95 53 108
67 95 68 101
70 95 70 108
84 95 90 96
93 95 95 98
104 95 106 98
108 95 108 108
137 95 137 107
161 95 161 108
162 95 163 100
231 95 231 107
232 95 232 107
235 95 235 107
236 95 236 107
240 95 240 108
27 96 27 109
62 96 62 107
73 96 73 108
102 96 102 107
118 96 118 109
138 96 139 102
177 96 177 109
179 96 179 108
181 96 181 108
186 96 186 108
187 96 187 108
209 96 209 109
234 96 234 108
12 97 12 109
13 97 13 108
14 97 14 108
15 97 15 109
20 97 20 110
74 97 74 109
75 97 75 108
78 97 78 110
85 97 88 99
89 97 90 103
115 97 115 110
128 97 128 108
147 97 147 109
160 97 160 109
164 97 164 108
172 97 175 99
216 97 216 109
217 97 217 110
219 97 219 109
251 97 251 109
253 97 253 109
24 98 25 103
26 98 26 110
29 98 29 111
32 98 32 110
38 98 38 109
39 98 39 110
40 98 41 104
120 98 121 103
122 98 122 111
144 98 144 111
150 98 150 110
154 98 154 111
156 98 156 111
242 98 244 101
249 98 249 111
0 99 0 111
19 99 19 112
31 99 31 111
46 99 47 104
63 99 65 102
77 99 77 110
84 99 84 111
94 99 96 102
104 99 104 112
106 99 106 111
119 99 119 112
129 99 129 110
148 99 148 112
151 99 151 111
166 99 166 110
171 99 171 112
192 99 192 112
203 99 203 112
204 99 205 104
210 99 210 111
223 99 223 112
228 99 228 110
238 99 238 112
256 99 269 99
4 100 4 111
54 100 54 113
56 100 59 102
80 100 80 112
88 100 88 112
91 100 91 112
131 100 131 111
132 100 132 111
172 100 172 113
173 100 173 113
174 100 174 113
182 100 182 113
224 100 224 112
250 100 250 113
256 100 257 105
1 101 1 114
8 101 8 112
11 101 11 112
17 101 17 113
22 101 22 113
35 101 36 106
97 101 97 113
101 101 101 113
107 101 107 114
112 101 112 113
155 101 155 113
158 101 158 114
162 101 162 113
168 101 168 113
178 101 178 114
184 101 185 107
190 101 190 114
201 101 201 114
21 102 21 115
71 102 71 114
109 102 109 115
113 102 114 107
125 102 126 108
127 102 127 114
146 102 146 115
163 102 163 115
212 102 212 114
215 102 215 115
226 102 227 107
243 102 243 115
33 103 33 115
51 103 52 108
56 103 61 104
66 103 67 108
95 103 95 115
96 103 96 116
103 103 103 115
130 103 130 115
135 103 135 116
138 103 143 104
159 103 159 115
170 103 170 116
239 103 239 116
244 103 246 106
6 104 6 116
24 104 24 116
37 104 37 116
79 104 79 117
93 104 93 116
105 104 105 117
116 104 116 117
120 104 120 115
123 104 123 117
175 104 175 116
196 104 199 106
206 104 206 116
221 104 221 117
247 104 248 109
252 104 252 117
255 104 255 117
23 105 23 117
45 105 46 110
47 105 47 118
55 105 55 116
58 105 58 118
59 105 59 116
60 105 61 110
63 105 63 117
83 105 83 118
87 105 87 117
138 105 138 117
142 105 142 117
145 105 145 118
189 105 189 118
195 105 195 117
200 105 200 116
205 105 205 118
207 105 208 110
218 105 218 117
230 105 230 118
233 105 233 118
2 106 2 118
10 106 10 118
28 106 28 118
34 106 34 119
44 106 44 119
56 106 56 119
64 106 64 119
68 106 68 118
98 106 99 111
100 106 100 119
110 106 111 111
133 106 134 111
183 106 183 119
193 106 193 118
204 106 204 118
229 106 229 119
256 106 269 106
35 107 35 118
41 107 41 120
48 107 49 112
50 107 50 119
69 107 69 120
92 107 92 120
124 107 124 120
140 107 140 120
152 107 153 112
191 107 191 120
196 107 197 113
222 107 222 118
225 107 225 119
237 107 237 120
241 107 242 112
244 107 244 118
256 107 269 107
18 108 18 120
62 108 62 119
102 108 102 121
113 108 114 113
137 108 137 119
176 108 176 121
185 108 185 121
198 108 198 120
226 108 226 119
231 108 231 121
232 108 232 121
235 108 236 114
246 108 246 121
256 108 256 119
13 109 13 120
14 109 14 120
30 109 30 121
42 109 42 122
51 109 52 114
57 109 57 122
65 109 67 112
73 109 73 121
75 109 75 121
81 109 81 122
128 109 128 122
149 109 149 122
164 109 164 122
179 109 179 122
181 109 181 121
186 109 186 121
187 109 187 122
234 109 234 121
240 109 240 121
12 110 12 123
15 110 15 123
38 110 38 123
40 110 40 122
70 110 70 122
74 110 74 121
126 110 126 122
147 110 147 121
160 110 161 116
169 110 169 123
209 110 209 123
216 110 216 121
219 110 220 115
247 110 247 121
248 110 248 121
251 110 251 121
253 110 253 121
26 111 27 116
32 111 32 122
39 111 39 122
45 111 45 124
46 111 46 122
61 111 61 124
72 111 72 124
77 111 78 116
85 111 85 123
89 111 89 124
125 111 125 124
129 111 129 124
136 111 136 123
141 111 141 124
150 111 150 124
165 111 167 114
180 111 180 123
188 111 188 123
207 111 208 116
227 111 227 124
228 111 228 124
245 111 245 124
0 112 0 125
4 112 5 117
31 112 31 125
84 112 84 123
98 112 98 125
106 112 106 124
110 112 110 124
111 112 111 124
121 112 121 125
122 112 122 124
131 112 133 115
151 112 151 124
177 112 177 124
184 112 184 125
210 112 211 117
8 113 8 126
11 113 11 126
48 113 49 118
60 113 60 126
65 113 65 125
66 113 66 125
67 113 67 126
80 113 80 126
88 113 88 125
91 113 91 126
108 113 108 126
117 113 117 125
139 113 139 125
153 113 153 125
203 113 203 125
223 113 224 118
241 113 242 118
254 113 254 126
17 114 17 127
22 114 22 126
97 114 97 126
101 114 101 126
112 114 114 117
143 114 144 119
154 114 155 120
162 114 162 127
168 114 168 125
172 114 172 127
214 114 214 127
217 114 217 126
9 115 9 128
52 115 54 118
71 115 71 127
82 115 82 128
86 115 86 127
99 115 99 128
127 115 127 127
156 115 156 127
157 115 157 127
167 115 167 126
201 115 201 127
212 115 212 127
236 115 236 127
238 115 238 128
19 116 19 129
33 116 33 128
95 116 95 129
103 116 103 128
120 116 120 128
130 116 131 121
132 116 132 127
133 116 133 129
158 116 159 121
163 116 163 128
173 116 174 121
215 116 215 128
219 116 220 121
243 116 243 129
6 117 7 122
16 117 16 130
24 117 25 123
26 117 26 129
37 117 37 129
51 117 51 130
55 117 55 130
59 117 59 130
77 117 78 122
93 117 94 122
146 117 146 130
152 117 152 129
170 117 170 130
175 117 175 130
196 117 196 129
199 117 200 122
206 117 206 130
207 117 207 130
208 117 208 129
213 117 213 129
235 117 235 130
5 118 5 131
23 118 23 129
63 118 63 131
87 118 87 131
96 118 96 130
107 118 107 131
112 118 114 121
115 118 116 123
119 118 119 130
138 118 138 131
142 118 142 131
165 118 165 131
195 118 195 131
202 118 202 131
210 118 210 129
211 118 211 129
218 118 218 129
1 119 4 121
10 119 10 131
27 119 28 124
35 119 35 130
48 119 48 131
53 119 54 124
68 119 68 130
104 119 104 131
123 119 123 131
134 119 134 131
161 119 161 131
166 119 166 131
192 119 193 124
204 119 204 131
221 119 222 125
223 119 223 130
224 119 224 131
242 119 242 132
244 119 244 130
43 120 43 132
44 120 44 132
50 120 50 133
52 120 52 132
62 120 62 133
64 120 64 132
100 120 100 132
137 120 137 132
143 120 144 125
183 120 183 133
189 120 189 132
194 120 194 132
225 120 225 131
226 120 226 131
230 120 230 132
255 120 255 132
256 120 269 120
13 121 13 134
14 121 14 133
18 121 18 133
41 121 41 133
155 121 155 134
197 121 198 126
249 121 249 134
3 122 3 135
20 122 20 135
30 122 30 135
47 122 47 134
56 122 56 134
58 122 58 135
73 122 76 124
113 122 113 134
130 122 131 127
147 122 147 133
158 122 159 127
173 122 173 134
181 122 181 133
182 122 182 134
185 122 186 127
205 122 205 134
216 122 216 134
219 122 219 133
220 122 220 133
231 122 231 135
234 122 234 134
239 122 241 125
246 122 247 127
248 122 248 134
250 122 251 127
252 122 253 127
256 122 269 122
1 123 1 136
6 123 6 134
7 123 7 136
32 123 32 134
39 123 39 135
40 123 40 135
46 123 46 135
70 123 70 135
77 123 79 126
92 123 92 135
93 123 94 129
126 123 126 136
135 123 135 136
178 123 178 136
190 123 191 129
199 123 199 136
256 123 269 123
4 124 4 137
12 124 12 136
24 124 25 129
29 124 29 136
84 124 85 130
114 124 116 127
136 124 136 136
180 124 180 137
188 124 188 137
232 124 232 136
233 124 233 136
256 124 262 125
28 125 28 138
45 125 45 138
53 125 54 130
61 125 61 138
72 125 72 138
74 125 75 130
106 125 106 137
109 125 111 128
122 125 122 138
151 125 151 138
177 125 177 136
179 125 179 138
192 125 192 137
193 125 193 138
209 125 209 138
227 125 227 137
0 126 0 138
31 126 31 138
49 126 49 139
65 126 66 131
76 126 76 138
81 126 81 139
83 126 83 138
88 126 89 131
112 126 112 139
117 126 117 139
124 126 125 131
139 126 140 132
143 126 145 129
150 126 150 139
153 126 154 131
168 126 168 138
171 126 171 138
203 126 203 138
240 126 240 138
2 127 2 139
22 127 22 140
60 127 60 139
77 127 80 129
97 127 97 138
101 127 102 132
105 127 105 139
167 127 167 140
174 127 174 140
197 127 197 139
217 127 217 140
221 127 221 140
222 127 222 140
228 127 228 139
239 127 239 140
21 128 21 140
38 128 38 141
71 128 71 139
86 128 86 141
90 128 91 133
114 128 114 141
116 128 116 139
121 128 121 140
127 128 129 131
130 128 130 139
132 128 132 141
141 128 141 140
156 128 156 140
157 128 158 133
159 128 159 140
160 128 160 140
185 128 186 134
200 128 200 140
201 128 201 141
212 128 212 140
236 128 236 139
247 128 247 141
251 128 253 131
254 128 254 140
27 129 27 142
33 129 34 134
103 129 103 141
108 129 111 131
118 129 118 142
120 129 120 142
162 129 163 134
187 129 187 141
198 129 198 142
215 129 215 142
256 129 257 134
9 130 9 142
17 130 17 143
19 130 19 143
23 130 25 133
26 130 26 143
37 130 37 143
67 130 67 143
78 130 78 141
79 130 79 142
98 130 98 142
131 130 131 142
143 130 145 133
148 130 148 142
152 130 152 141
164 130 164 142
172 130 172 143
196 130 196 142
208 130 208 141
210 130 210 141
211 130 211 143
213 130 213 141
218 130 218 143
237 130 237 143
241 130 241 143
243 130 243 143
246 130 246 143
15 131 15 144
35 131 35 144
53 131 54 136
68 131 68 143
73 131 75 134
93 131 96 133
119 131 119 143
146 131 146 144
149 131 149 143
223 131 223 144
244 131 245 136
10 132 11 137
48 132 48 145
65 132 65 144
87 132 87 145
88 132 88 143
89 132 89 143
104 132 104 145
108 132 109 137
110 132 111 137
115 132 115 145
123 132 123 145
125 132 125 145
127 132 128 137
133 132 134 137
142 132 142 144
154 132 154 143
161 132 161 144
165 132 166 137
204 132 204 145
224 132 226 135
250 132 253 134
36 133 36 145
43 133 43 146
44 133 44 146
52 133 52 145
55 133 55 145
63 133 64 139
84 133 84 145
99 133 99 145
100 133 101 138
137 133 139 136
176 133 176 145
184 133 184 145
189 133 189 146
191 133 191 145
194 133 194 145
230 133 230 144
255 133 255 146
14 134 14 147
18 134 18 147
23 134 23 145
24 134 25 139
41 134 41 147
50 134 50 147
90 134 90 146
95 134 95 147
102 134 102 146
145 134 145 145
147 134 147 147
158 134 158 147
169 134 169 147
181 134 181 147
202 134 202 146
219 134 219 147
220 134 220 145
242 134 242 147
5 135 6 140
32 135 32 148
33 135 33 148
47 135 47 147
56 135 57 140
59 135 59 147
75 135 75 146
94 135 94 148
113 135 113 147
153 135 153 148
163 135 163 146
170 135 170 147
173 135 173 148
182 135 182 148
185 135 185 147
205 135 205 147
216 135 216 146
234 135 234 148
235 135 235 148
238 135 238 148
248 135 251 137
256 135 256 147
39 136 40 141
46 136 46 147
69 136 70 142
80 136 80 149
92 136 92 149
162 136 162 149
186 136 186 149
206 136 206 149
207 136 207 148
224 136 225 141
252 136 253 142
7 137 8 142
12 137 13 142
20 137 20 150
29 137 29 150
54 137 54 149
93 137 93 149
135 137 140 138
144 137 144 149
177 137 178 143
231 137 233 140
244 137 245 143
1 138 1 150
3 138 4 144
10 138 11 144
62 138 62 151
106 138 108 141
110 138 110 151
111 138 111 151
124 138 124 151
126 138 127 144
133 138 134 143
166 138 166 150
188 138 188 150
192 138 192 149
214 138 214 151
226 138 227 143
0 139 0 151
28 139 28 152
30 139 31 144
42 139 42 152
76 139 76 152
83 139 83 152
85 139 85 151
97 139 97 152
101 139 101 152
109 139 109 151
135 139 135 150
136 139 138 142
155 139 155 152
168 139 168 152
171 139 171 150
179 139 179 151
180 139 180 151
203 139 203 151
240 139 240 150
249 139 250 145
251 139 251 152
2 140 2 153
24 140 25 145
60 140 61 145
71 140 71 151
82 140 82 153
105 140 105 153
112 140 112 153
116 140 116 153
130 140 130 152
139 140 139 153
140 140 140 153
197 140 197 153
199 140 199 152
228 140 229 145
236 140 236 152
248 140 248 153
5 141 5 152
21 141 21 154
56 141 56 154
63 141 64 146
72 141 74 144
100 141 100 153
121 141 121 154
128 141 128 153
141 141 141 154
156 141 156 153
159 141 160 146
200 141 200 153
212 141 212 152
254 141 254 152
39 142 39 155
40 142 40 155
45 142 45 155
78 142 78 155
103 142 103 155
106 142 108 145
150 142 152 145
183 142 183 155
187 142 187 153
193 142 193 155
195 142 195 154
201 142 201 155
208 142 208 154
210 142 210 155
213 142 213 155
221 142 222 147
224 142 224 153
225 142 225 153
7 143 7 156
8 143 8 154
9 143 9 156
13 143 13 154
51 143 51 155
79 143 79 154
81 143 81 156
98 143 98 155
120 143 120 155
131 143 132 148
136 143 137 148
148 143 148 156
164 143 165 148
196 143 196 156
26 144 27 149
37 144 38 149
68 144 69 149
77 144 77 156
88 144 89 149
96 144 96 156
117 144 119 147
133 144 133 157
134 144 134 156
149 144 149 155
154 144 154 157
172 144 172 157
174 144 174 157
178 144 178 157
215 144 215 156
226 144 227 149
232 144 233 149
237 144 237 157
244 144 244 157
245 144 247 147
6 145 6 158
12 145 12 157
19 145 19 157
30 145 31 150
65 145 65 158
86 145 86 157
126 145 127 150
138 145 138 157
142 145 142 157
146 145 146 158
161 145 161 158
177 145 177 158
209 145 209 157
230 145 230 157
3 146 4 151
23 146 24 151
34 146 34 159
36 146 36 157
48 146 49 152
52 146 53 151
55 146 55 157
60 146 61 151
66 146 66 159
84 146 84 158
99 146 99 159
107 146 107 157
122 146 122 158
125 146 125 158
145 146 145 158
151 146 151 158
176 146 176 159
184 146 184 157
191 146 191 159
194 146 194 157
218 146 218 159
220 146 220 158
228 146 229 151
241 146 241 159
15 147 17 150
63 147 64 153
75 147 75 159
87 147 87 159
90 147 90 159
102 147 102 159
115 147 115 160
123 147 123 159
159 147 159 158
163 147 163 158
202 147 202 160
216 147 216 160
223 147 223 160
46 148 47 153
59 148 59 160
74 148 74 161
108 148 108 161
113 148 114 154
117 148 117 160
119 148 119 161
143 148 143 161
147 148 147 160
158 148 158 161
169 148 170 154
185 148 185 160
204 148 205 154
222 148 222 160
243 148 243 160
245 148 246 153
249 148 249 160
255 148 258 150
10 149 11 154
14 149 14 162
22 149 22 162
44 149 44 161
50 149 50 161
70 149 70 161
131 149 131 160
136 149 136 162
137 149 137 162
152 149 153 155
157 149 157 162
164 149 164 160
165 149 165 162
198 149 198 162
207 149 207 162
217 149 217 162
219 149 219 161
231 149 231 162
252 149 252 162
27 150 27 161
38 150 38 163
54 150 54 161
67 150 69 153
88 150 89 156
91 150 93 153
144 150 144 163
162 150 162 162
175 150 175 163
192 150 192 162
206 150 206 162
226 150 226 163
232 150 232 162
233 150 233 162
253 150 253 162
1 151 1 164
15 151 15 162
16 151 16 162
17 151 18 156
20 151 20 163
29 151 31 154
32 151 32 164
33 151 33 163
35 151 35 163
43 151 43 164
57 151 57 164
94 151 95 156
126 151 127 156
135 151 135 162
160 151 160 163
166 151 166 163
171 151 171 162
173 151 173 163
188 151 188 162
221 151 221 163
238 151 240 154
255 151 258 153
0 152 0 165
3 152 3 164
24 152 26 155
37 152 37 164
52 152 53 158
61 152 61 164
62 152 62 164
71 152 71 163
85 152 85 163
109 152 111 155
132 152 132 165
179 152 179 164
180 152 180 163
203 152 203 164
229 152 229 163
5 153 5 166
23 153 23 165
41 153 41 165
42 153 42 165
72 153 73 158
130 153 130 166
150 153 150 166
168 153 168 166
199 153 199 164
211 153 211 166
212 153 212 165
227 153 227 165
236 153 236 165
254 153 254 164
28 154 28 166
46 154 47 159
49 154 49 167
67 154 68 159
83 154 83 166
91 154 93 157
100 154 101 159
105 154 105 167
128 154 128 165
139 154 140 159
156 154 156 167
182 154 182 167
186 154 187 160
197 154 197 167
200 154 200 167
224 154 224 167
225 154 225 166
245 154 246 159
256 154 257 159
2 155 2 167
8 155 8 167
10 155 10 166
11 155 11 168
13 155 13 168
29 155 29 168
31 155 31 168
48 155 48 168
58 155 58 167
79 155 79 168
181 155 181 167
195 155 195 166
208 155 208 168
235 155 235 167
238 155 238 168
239 155 239 168
247 155 247 167
251 155 251 167
4 156 4 169
24 156 24 168
25 156 26 161
30 156 30 168
45 156 45 169
51 156 51 167
78 156 78 168
98 156 98 168
109 156 110 161
111 156 111 169
112 156 113 162
120 156 120 167
121 156 121 169
149 156 149 169
167 156 167 168
17 157 18 162
63 157 63 169
76 157 77 163
80 157 81 162
89 157 89 169
94 157 94 169
95 157 95 169
96 157 97 162
118 157 118 169
124 157 124 170
126 157 126 170
134 157 134 168
155 157 155 170
214 157 214 170
215 157 215 169
234 157 234 170
7 158 7 171
12 158 12 171
19 158 19 171
36 158 36 171
55 158 55 171
86 158 86 170
92 158 92 169
104 158 104 171
106 158 107 164
138 158 138 169
141 158 142 163
154 158 154 170
169 158 169 171
170 158 170 171
174 158 174 171
184 158 184 169
193 158 194 164
209 158 209 170
230 158 230 171
244 158 244 170
40 159 40 171
64 159 65 165
72 159 72 170
84 159 84 171
122 159 122 171
125 159 125 170
145 159 146 164
151 159 151 170
159 159 159 170
163 159 163 172
177 159 177 171
220 159 220 171
46 160 47 165
67 160 68 165
75 160 75 172
87 160 87 173
90 160 90 171
99 160 102 162
123 160 123 172
139 160 139 173
190 160 191 166
204 160 205 165
210 160 210 173
213 160 213 173
237 160 237 173
240 160 240 172
245 160 245 172
255 160 257 163
56 161 56 173
59 161 59 173
82 161 82 174
114 161 116 164
117 161 117 174
131 161 131 173
140 161 140 174
147 161 147 173
161 161 161 174
164 161 164 172
172 161 172 174
185 161 186 166
222 161 222 173
243 161 243 174
249 161 249 172
26 162 26 174
27 162 27 175
44 162 44 173
50 162 50 174
53 162 53 175
54 162 54 174
60 162 60 174
66 162 66 174
69 162 70 168
109 162 109 173
119 162 119 174
176 162 176 174
218 162 218 174
219 162 219 174
14 163 16 166
17 163 17 174
81 163 81 175
96 163 96 174
97 163 97 176
100 163 101 168
112 163 112 176
129 163 129 176
135 163 135 174
136 163 136 176
157 163 158 168
162 163 162 176
171 163 171 176
188 163 188 176
192 163 192 176
196 163 196 175
201 163 202 168
206 163 206 176
223 163 223 176
231 163 233 166
253 163 253 174
6 164 6 177
20 164 21 170
33 164 33 177
35 164 35 176
71 164 71 176
85 164 85 177
102 164 103 169
108 164 108 176
137 164 137 176
142 164 143 169
160 164 160 177
166 164 166 177
173 164 173 176
180 164 180 176
221 164 221 177
226 164 226 176
229 164 229 177
255 164 255 176
256 164 269 164
3 165 3 178
37 165 37 177
38 165 38 177
61 165 62 170
73 165 74 170
80 165 80 177
93 165 93 178
113 165 114 170
145 165 146 170
165 165 165 178
179 165 179 177
199 165 199 178
203 165 203 176
241 165 241 178
254 165 254 176
256 165 269 165
18 166 18 179
23 166 23 177
32 166 32 178
41 166 42 171
46 166 47 172
57 166 57 179
67 166 67 179
77 166 77 179
88 166 88 179
116 166 116 179
128 166 128 177
205 166 205 177
212 166 212 178
227 166 227 178
228 166 228 178
236 166 236 179
10 167 10 179
14 167 14 178
28 167 28 180
83 167 83 178
99 167 99 179
148 167 148 180
153 167 153 180
168 167 168 180
175 167 175 180
183 167 183 180
185 167 185 180
195 167 195 178
198 167 198 180
225 167 225 179
231 167 231 179
232 167 233 172
252 167 252 179
256 167 269 167
0 168 2 171
8 168 9 174
15 168 16 174
39 168 39 181
43 168 43 180
51 168 52 173
58 168 58 181
68 168 68 180
76 168 76 181
106 168 106 180
110 168 110 181
120 168 120 181
132 168 133 173
152 168 152 180
181 168 182 174
193 168 194 173
200 168 200 180
204 168 204 181
235 168 235 181
242 168 242 181
246 168 247 173
250 168 251 173
256 168 259 170
13 169 13 181
24 169 24 180
29 169 30 174
31 169 31 181
65 169 65 181
78 169 79 175
98 169 98 182
100 169 100 181
105 169 105 181
134 169 134 181
141 169 141 181
157 169 158 174
167 169 167 180
178 169 178 182
191 169 191 182
202 169 202 182
211 169 211 182
34 170 34 183
48 170 48 183
63 170 63 182
89 170 89 181
92 170 92 183
94 170 95 175
101 170 103 173
118 170 118 182
138 170 138 183
142 170 142 183
143 170 143 181
184 170 184 183
215 170 216 175
4 171 4 184
62 171 62 184
72 171 72 184
73 171 74 176
86 171 86 183
113 171 114 177
125 171 125 183
130 171 130 184
146 171 146 182
149 171 149 183
150 171 151 176
154 171 154 182
155 171 155 184
159 171 159 184
190 171 190 183
209 171 209 184
244 171 244 184
256 171 259 173
7 172 7 184
11 172 12 177
19 172 22 174
40 172 41 177
42 172 42 184
84 172 84 185
90 172 90 183
107 172 107 184
122 172 122 185
126 172 126 185
156 172 156 184
170 172 170 185
177 172 177 183
220 172 220 185
1 173 1 186
75 173 75 184
111 173 111 186
121 173 121 185
123 173 123 186
163 173 164 178
186 173 186 186
197 173 197 186
217 173 217 186
232 173 232 186
240 173 240 185
245 173 245 185
248 173 249 178
2 174 2 186
44 174 47 176
51 174 51 187
56 174 56 187
59 174 59 187
61 174 61 187
64 174 64 187
102 174 103 179
109 174 109 187
131 174 133 177
147 174 147 185
169 174 169 186
193 174 193 185
207 174 207 187
208 174 208 186
222 174 222 185
233 174 234 180
246 174 246 185
247 174 247 186
250 174 250 186
251 174 251 186
256 174 259 176
5 175 5 188
17 175 17 187
19 175 22 177
26 175 26 188
30 175 30 187
49 175 50 180
54 175 55 181
60 175 60 187
66 175 66 188
96 175 96 187
119 175 119 187
135 175 135 188
139 175 140 180
144 175 145 180
157 175 158 180
176 175 176 188
181 175 182 180
218 175 218 186
219 175 219 188
237 175 238 180
253 175 253 186
9 176 9 188
29 176 29 189
53 176 53 188
81 176 81 188
95 176 95 187
127 176 127 188
189 176 189 189
196 176 196 189
214 176 215 181
243 176 243 188
35 177 35 188
36 177 36 189
44 177 44 189
45 177 46 182
71 177 71 188
73 177 73 190
97 177 97 190
101 177 101 189
108 177 108 190
112 177 112 189
117 177 117 190
136 177 137 183
150 177 151 183
173 177 173 188
180 177 180 189
187 177 188 182
203 177 203 190
206 177 206 190
226 177 226 189
254 177 257 179
11 178 11 191
23 178 23 191
27 178 27 191
37 178 38 183
40 178 41 183
70 178 70 190
80 178 80 189
85 178 85 190
94 178 94 190
115 178 115 191
128 178 128 190
160 178 160 191
179 178 179 189
205 178 205 189
14 179 14 191
20 179 22 182
32 179 32 190
33 179 33 191
69 179 69 192
82 179 83 184
87 179 87 191
93 179 93 192
131 179 131 192
132 179 132 191
133 179 133 191
163 179 166 181
171 179 171 192
195 179 195 192
212 179 213 184
227 179 230 181
239 179 239 191
249 179 249 192
0 180 0 193
10 180 10 191
18 180 18 192
52 180 52 193
57 180 57 193
77 180 77 193
99 180 99 193
102 180 103 185
113 180 113 193
114 180 114 193
124 180 124 193
161 180 161 192
162 180 162 192
223 180 225 183
231 180 231 193
236 180 236 193
252 180 252 192
254 180 255 185
256 180 257 186
24 181 24 193
43 181 43 194
49 181 50 186
67 181 68 186
78 181 79 186
91 181 91 194
106 181 106 193
139 181 139 194
140 181 140 194
144 181 145 186
152 181 152 193
157 181 158 186
167 181 168 186
181 181 181 194
183 181 183 193
185 181 185 193
192 181 192 193
198 181 201 183
221 181 221 194
237 181 237 192
238 181 238 194
3 182 3 194
13 182 13 194
16 182 16 195
31 182 31 195
54 182 54 194
65 182 65 194
74 182 74 194
88 182 89 187
100 182 100 193
104 182 105 188
116 182 116 195
134 182 134 195
141 182 141 195
143 182 143 194
163 182 163 193
164 182 164 195
214 182 214 195
227 182 228 187
230 182 230 195
233 182 234 187
241 182 241 194
6 183 6 195
19 183 21 186
22 183 22 196
45 183 46 188
63 183 63 194
118 183 118 194
146 183 146 195
153 183 154 189
172 183 172 195
187 183 188 188
202 183 202 195
37 184 37 195
38 184 38 195
39 184 41 187
76 184 76 197
86 184 86 196
90 184 90 197
120 184 120 197
125 184 125 197
137 184 137 196
138 184 138 196
142 184 142 197
149 184 149 196
177 184 177 196
190 184 190 197
198 184 198 195
201 184 201 197
224 184 224 197
225 184 225 197
4 185 4 197
7 185 8 190
42 185 42 197
48 185 48 198
58 185 58 198
75 185 75 197
82 185 82 197
83 185 83 197
107 185 107 196
110 185 110 197
150 185 151 190
156 185 156 197
175 185 175 198
211 185 212 190
92 186 92 199
98 186 98 199
102 186 103 192
121 186 121 198
147 186 147 199
166 186 166 199
193 186 193 197
200 186 200 199
204 186 204 199
215 186 216 192
222 186 223 191
240 186 240 197
244 186 244 199
245 186 246 191
255 186 255 199
2 187 2 199
19 187 19 198
25 187 25 200
49 187 50 192
55 187 55 200
67 187 68 192
72 187 72 200
78 187 78 200
111 187 111 199
129 187 130 192
145 187 145 198
157 187 158 192
165 187 165 199
167 187 169 190
182 187 182 199
197 187 197 200
208 187 208 198
209 187 209 199
210 187 210 200
218 187 218 198
247 187 247 198
248 187 248 200
250 187 251 192
253 187 254 193
15 188 15 200
17 188 17 199
20 188 20 200
30 188 30 199
39 188 41 191
47 188 47 200
60 188 60 199
79 188 79 200
88 188 88 200
95 188 96 193
119 188 119 200
122 188 122 201
126 188 126 200
136 188 136 200
174 188 174 200
194 188 194 200
199 188 199 200
228 188 228 201
232 188 232 201
233 188 233 201
234 188 234 200
256 188 257 193
9 189 9 202
34 189 35 194
45 189 46 194
53 189 53 202
66 189 66 202
71 189 71 201
81 189 81 201
84 189 84 202
104 189 105 195
127 189 127 202
135 189 135 202
173 189 173 202
186 189 187 194
217 189 217 202
242 189 243 194
26 190 26 203
36 190 36 203
44 190 44 203
80 190 80 201
101 190 101 201
112 190 112 203
148 190 148 203
153 190 154 196
178 190 179 195
180 190 180 202
188 190 188 202
205 190 205 202
226 190 227 195
7 191 7 204
12 191 12 203
28 191 28 204
32 191 32 204
62 191 62 204
70 191 70 204
73 191 73 204
85 191 85 203
89 191 89 203
94 191 94 202
117 191 117 203
128 191 128 204
150 191 151 196
155 191 155 204
168 191 168 204
196 191 196 203
211 191 211 203
212 191 212 203
219 191 219 204
10 192 10 204
14 192 14 204
29 192 29 205
33 192 33 204
40 192 40 203
41 192 41 204
87 192 87 203
108 192 109 197
132 192 132 205
133 192 133 205
169 192 169 205
222 192 222 204
223 192 223 205
235 192 235 205
239 192 239 204
245 192 246 197
18 193 18 206
50 193 50 204
61 193 61 205
67 193 67 206
115 193 115 206
129 193 130 199
131 193 131 205
157 193 160 195
161 193 162 198
237 193 237 204
250 193 252 196
11 194 11 206
24 194 24 207
64 194 64 207
68 194 68 206
95 194 95 207
97 194 97 206
100 194 100 207
102 194 102 206
106 194 106 205
124 194 124 206
152 194 152 205
163 194 163 207
183 194 183 206
185 194 185 207
192 194 192 205
206 194 206 206
215 194 215 206
229 194 229 207
253 194 253 206
254 194 254 206
256 194 257 199
3 195 3 208
13 195 13 207
35 195 35 207
45 195 45 207
52 195 52 208
54 195 54 206
56 195 57 200
63 195 63 206
65 195 65 207
74 195 74 207
118 195 118 208
143 195 143 208
170 195 170 207
184 195 184 208
186 195 186 208
187 195 187 206
236 195 236 208
241 195 242 200
6 196 6 207
37 196 39 199
43 196 43 209
77 196 77 209
96 196 96 209
104 196 104 209
123 196 123 208
140 196 141 201
146 196 146 208
157 196 158 201
159 196 159 208
172 196 172 207
178 196 179 202
198 196 198 209
202 196 202 207
226 196 226 209
227 196 227 207
8 197 8 209
16 197 16 210
21 197 21 209
86 197 86 210
107 197 107 208
113 197 113 210
137 197 138 202
149 197 150 203
151 197 151 209
153 197 153 210
154 197 154 210
177 197 177 208
207 197 207 210
214 197 214 210
250 197 250 209
251 197 251 209
4 198 4 209
22 198 22 210
42 198 42 211
75 198 75 209
82 198 82 210
83 198 83 211
90 198 90 210
108 198 109 203
110 198 110 209
156 198 156 209
189 198 190 204
191 198 191 210
193 198 193 210
221 198 221 211
240 198 240 209
245 198 246 203
249 198 249 210
1 199 1 212
19 199 19 210
58 199 58 212
121 199 121 212
125 199 125 211
139 199 139 211
144 199 145 204
160 199 161 204
162 199 162 212
203 199 203 212
208 199 208 210
216 199 216 211
218 199 218 211
220 199 220 211
243 199 243 211
247 199 247 212
2 200 2 212
17 200 17 212
23 200 23 213
30 200 30 213
37 200 39 203
59 200 60 205
91 200 92 205
111 200 111 213
120 200 120 212
164 200 167 202
182 200 182 213
209 200 209 213
231 200 231 213
252 200 252 213
255 200 258 202
15 201 15 214
20 201 20 214
25 201 25 213
46 201 47 206
56 201 56 212
78 201 79 207
88 201 88 214
98 201 99 206
119 201 119 214
126 201 126 214
129 201 130 206
136 201 136 214
174 201 174 213
176 201 176 214
194 201 194 212
199 201 199 214
230 201 230 213
234 201 234 214
241 201 242 206
71 202 71 214
80 202 81 207
93 202 93 215
101 202 101 215
114 202 114 214
122 202 122 215
134 202 134 214
141 202 142 207
158 202 158 215
181 202 181 215
233 202 233 214
48 203 48 216
53 203 53 215
66 203 66 215
69 203 69 216
72 203 72 215
94 203 94 215
137 203 137 215
147 203 147 216
165 203 165 215
178 203 178 216
179 203 180 209
188 203 188 216
195 203 195 215
200 203 201 209
205 203 205 214
213 203 213 216
224 203 224 215
255 203 255 214
256 203 259 205
5 204 5 216
12 204 12 217
36 204 39 206
40 204 40 216
44 204 44 216
49 204 49 216
84 204 85 209
87 204 87 216
89 204 89 217
109 204 109 217
116 204 117 209
140 204 140 216
167 204 167 216
196 204 197 210
210 204 212 207
245 204 245 215
246 204 246 215
10 205 10 218
14 205 14 217
32 205 34 208
41 205 41 216
50 205 50 218
51 205 51 217
70 205 70 218
76 205 76 218
105 205 105 217
108 205 108 218
144 205 144 216
145 205 145 217
150 205 150 218
160 205 160 218
161 205 161 217
171 205 171 217
222 205 222 218
225 205 225 218
237 205 237 216
239 205 239 218
26 206 27 211
28 206 28 218
59 206 62 208
91 206 92 212
106 206 106 217
131 206 133 209
152 206 152 217
164 206 164 219
168 206 168 219
169 206 169 219
189 206 190 211
192 206 192 218
238 206 238 219
11 207 11 220
18 207 18 219
31 207 31 220
36 207 37 212
47 207 47 220
54 207 55 212
63 207 63 219
67 207 68 212
73 207 73 219
97 207 98 212
99 207 99 220
102 207 102 218
124 207 124 220
127 207 130 209
183 207 183 220
187 207 187 220
206 207 206 219
215 207 215 219
242 207 242 220
253 207 253 218
254 207 254 220
0 208 0 220
6 208 6 221
9 208 9 221
13 208 13 219
24 208 24 221
29 208 29 220
35 208 35 221
45 208 45 220
57 208 57 221
64 208 65 214
74 208 74 221
80 208 80 220
115 208 115 220
141 208 141 219
142 208 142 220
170 208 170 221
172 208 172 221
202 208 202 221
211 208 211 221
227 208 227 221
228 208 229 213
232 208 232 221
256 208 257 213
7 209 7 222
61 209 61 222
107 209 107 221
123 209 123 221
146 209 146 222
155 209 155 222
159 209 159 220
177 209 177 222
184 209 184 221
186 209 186 221
236 209 236 222
3 210 4 216
8 210 8 223
21 210 21 223
60 210 60 222
75 210 75 221
81 210 81 222
84 210 85 215
103 210 104 215
110 210 110 223
116 210 116 223
117 210 118 216
127 210 133 211
151 210 151 222
156 210 156 223
200 210 200 223
212 210 212 222
240 210 240 221
248 210 248 223
250 210 251 216
19 211 19 224
22 211 22 224
32 211 33 216
46 211 46 223
79 211 79 224
82 211 82 223
90 211 90 222
96 211 96 224
112 211 113 216
149 211 149 224
154 211 154 223
175 211 175 223
191 211 191 222
193 211 193 223
208 211 208 222
226 211 226 223
249 211 249 223
27 212 27 223
43 212 43 225
125 212 125 225
127 212 127 225
129 212 130 218
131 212 131 225
138 212 139 217
189 212 190 217
197 212 198 218
201 212 201 225
216 212 221 213
243 212 243 225
244 212 244 224
1 213 2 219
17 213 17 226
36 213 36 224
37 213 39 216
55 213 56 218
68 213 68 226
77 213 77 226
98 213 98 226
120 213 120 225
148 213 148 226
157 213 157 226
194 213 194 226
207 213 207 226
223 213 223 226
241 213 241 225
25 214 25 227
92 214 92 227
121 214 121 227
128 214 128 227
173 214 174 219
180 214 180 226
196 214 196 227
204 214 204 227
217 214 218 219
228 214 228 227
229 214 230 220
256 214 262 215
15 215 15 228
58 215 58 228
62 215 62 227
71 215 71 228
114 215 114 226
126 215 126 228
132 215 134 218
205 215 205 227
209 215 209 228
233 215 233 226
252 215 252 227
255 215 255 227
53 216 53 227
65 216 67 219
72 216 72 229
83 216 83 228
85 216 85 228
93 216 95 219
103 216 104 222
119 216 119 228
135 216 137 219
165 216 166 221
176 216 176 228
179 216 179 229
195 216 195 229
203 216 203 229
221 216 221 229
224 216 224 227
245 216 245 228
246 216 246 227
247 216 247 229
256 216 256 227
5 217 5 229
16 217 16 230
20 217 20 229
33 217 34 222
37 217 39 220
40 217 42 220
44 217 44 228
48 217 49 222
52 217 52 230
59 217 59 229
86 217 87 223
88 217 88 229
100 217 100 229
112 217 113 222
118 217 118 229
140 217 140 230
144 217 144 229
147 217 147 229
163 217 163 230
167 217 167 229
182 217 182 230
220 217 220 229
231 217 231 230
237 217 237 228
3 218 3 231
14 218 14 230
51 218 51 230
54 218 54 230
69 218 69 231
97 218 97 231
105 218 106 223
109 218 109 231
117 218 117 230
138 218 138 230
145 218 145 229
152 218 152 231
161 218 162 223
171 218 171 231
178 218 178 230
188 218 189 224
219 218 219 231
235 218 235 230
250 218 250 231
28 219 28 232
55 219 55 230
78 219 78 231
101 219 102 224
111 219 111 232
129 219 130 224
153 219 153 232
192 219 192 232
239 219 239 231
251 219 251 231
253 219 253 230
1 220 1 232
12 220 13 225
18 220 18 232
56 220 56 232
63 220 64 225
66 220 66 233
70 220 70 232
73 220 73 231
89 220 89 232
141 220 141 231
169 220 169 232
174 220 174 232
197 220 198 226
206 220 206 232
214 220 216 223
218 220 218 232
0 221 0 232
10 221 11 226
29 221 29 232
37 221 39 224
40 221 40 234
41 221 42 226
45 221 45 233
65 221 65 234
80 221 80 234
84 221 84 234
108 221 108 233
115 221 115 233
122 221 122 233
133 221 136 223
142 221 142 232
159 221 160 226
199 221 199 234
2 222 2 235
24 222 24 235
30 222 32 225
75 222 75 235
93 222 95 225
107 222 107 233
123 222 123 234
143 222 143 235
164 222 164 234
165 222 165 235
172 222 173 227
183 222 186 224
222 222 222 235
240 222 240 235
6 223 6 236
9 223 9 236
33 223 34 228
35 223 35 235
47 223 48 229
60 223 61 229
74 223 74 236
81 223 81 234
90 223 90 234
112 223 112 235
132 223 132 235
146 223 146 236
151 223 151 234
166 223 166 235
191 223 191 236
208 223 208 236
212 223 212 236
232 223 232 235
238 223 238 235
242 223 242 236
254 223 254 236
4 224 4 236
26 224 27 229
46 224 46 237
50 224 50 236
82 224 82 237
86 224 86 237
103 224 105 227
135 224 136 230
154 224 154 237
161 224 161 235
162 224 162 236
175 224 175 235
181 224 181 237
193 224 193 235
213 224 215 227
225 224 227 227
234 224 234 236
249 224 249 235
8 225 8 238
22 225 22 237
36 225 36 236
37 225 37 236
57 225 57 237
96 225 96 237
101 225 102 230
110 225 110 237
129 225 129 238
130 225 130 238
149 225 149 237
150 225 150 237
183 225 189 226
200 225 200 237
236 225 236 238
244 225 244 236
7 226 7 239
12 226 12 239
21 226 21 239
30 226 32 229
63 226 63 239
93 226 94 231
95 226 95 238
113 226 113 238
120 226 120 239
133 226 133 238
134 226 134 239
168 226 168 239
177 226 177 239
201 226 201 239
210 226 211 231
216 226 217 231
241 226 241 238
248 226 248 238
10 227 10 239
11 227 11 240
38 227 39 232
41 227 41 240
42 227 42 240
64 227 64 239
79 227 79 239
99 227 99 239
114 227 114 240
155 227 160 228
180 227 180 239
183 227 183 239
184 227 184 239
185 227 185 238
186 227 188 230
207 227 207 240
223 227 223 240
233 227 233 239
17 228 17 240
53 228 53 240
62 228 62 239
67 228 67 241
87 228 87 240
91 228 91 240
104 228 104 240
105 228 105 241
106 228 106 240
116 228 116 241
128 228 128 241
172 228 173 233
202 228 202 240
204 228 205 233
214 228 215 234
224 228 224 241
230 228 230 240
246 228 246 241
252 228 252 241
255 228 256 233
15 229 15 242
25 229 25 242
33 229 33 241
34 229 34 241
43 229 44 234
71 229 71 241
83 229 83 242
85 229 85 240
98 229 98 241
119 229 119 242
137 229 137 241
155 229 158 231
170 229 170 241
176 229 176 242
196 229 196 241
237 229 237 240
245 229 245 240
5 230 5 243
13 230 13 242
20 230 20 242
26 230 26 241
27 230 27 241
30 230 30 241
31 230 32 236
58 230 61 232
68 230 68 243
76 230 77 235
88 230 88 243
100 230 100 242
118 230 118 243
126 230 126 242
127 230 127 242
131 230 131 242
144 230 144 241
145 230 145 242
147 230 147 242
167 230 167 242
194 230 195 236
213 230 213 242
220 230 220 241
243 230 243 242
14 231 14 242
51 231 51 244
54 231 54 244
55 231 55 244
72 231 72 244
101 231 101 242
117 231 117 244
138 231 139 236
148 231 148 243
159 231 159 243
178 231 178 244
182 231 182 244
186 231 186 244
187 231 190 233
197 231 198 237
203 231 203 244
225 231 226 236
235 231 235 243
253 231 253 244
23 232 23 245
73 232 73 244
78 232 78 244
93 232 93 245
94 232 94 245
124 232 124 244
140 232 141 238
157 232 157 244
158 232 158 243
163 232 163 245
209 232 210 237
211 232 211 243
216 232 216 244
239 232 239 243
250 232 251 238
0 233 0 244
1 233 1 246
3 233 3 246
18 233 19 238
28 233 29 238
38 233 38 244
39 233 39 244
56 233 56 245
58 233 60 236
70 233 70 246
89 233 89 246
142 233 142 246
169 233 169 246
174 233 174 246
206 233 206 246
218 233 219 238
45 234 45 246
66 234 66 247
107 234 108 239
115 234 115 247
122 234 122 246
172 234 172 247
173 234 173 245
188 234 189 239
205 234 205 247
255 234 255 247
256 234 269 234
40 235 40 248
44 235 44 246
81 235 81 246
90 235 90 247
103 235 103 248
109 235 109 247
111 235 111 247
123 235 123 246
136 235 136 247
151 235 151 246
152 235 153 240
155 235 155 247
164 235 164 246
192 235 192 247
214 235 214 247
227 235 227 248
256 235 269 235
35 236 35 248
65 236 65 248
75 236 76 241
112 236 112 249
132 236 132 247
143 236 143 248
161 236 161 249
165 236 166 241
175 236 175 247
187 236 187 249
193 236 193 247
217 236 217 248
229 236 229 248
232 236 232 247
238 236 238 249
249 236 249 248
256 236 256 247
4 237 4 249
6 237 6 250
31 237 31 250
36 237 37 243
50 237 50 250
102 237 102 249
138 237 138 249
156 237 156 250
160 237 160 250
162 237 162 248
179 237 179 249
191 237 191 250
195 237 195 249
212 237 212 250
221 237 222 242
226 237 226 250
234 237 234 250
244 237 244 250
22 238 22 250
46 238 46 251
49 238 49 250
57 238 59 241
69 238 69 250
96 238 97 243
110 238 110 250
149 238 150 243
198 238 200 241
209 238 209 251
8 239 8 251
19 239 19 252
28 239 29 244
82 239 82 252
95 239 95 251
113 239 113 250
125 239 125 252
133 239 133 251
185 239 185 252
190 239 190 251
208 239 208 252
215 239 215 251
218 239 219 244
231 239 231 251
240 239 242 242
247 239 248 244
10 240 10 252
48 240 48 253
52 240 52 253
62 240 64 243
79 240 79 253
84 240 84 253
99 240 99 253
107 240 108 245
120 240 120 253
121 240 121 253
180 240 181 245
183 240 184 245
188 240 188 251
189 240 189 251
228 240 228 253
233 240 233 252
7 241 7 253
11 241 12 246
17 241 17 252
18 241 18 253
41 241 43 244
53 241 53 253
61 241 61 253
85 241 85 254
86 241 87 247
91 241 92 247
104 241 104 253
106 241 106 254
129 241 129 254
139 241 141 244
152 241 153 246
197 241 197 253
202 241 202 254
210 241 210 254
230 241 230 253
237 241 237 252
245 241 245 254
254 241 254 253
26 242 27 247
30 242 30 253
33 242 34 247
71 242 71 254
75 242 75 254
76 242 76 255
98 242 98 254
116 242 116 255
128 242 128 254
134 242 134 255
137 242 137 255
144 242 144 253
166 242 166 254
170 242 170 255
194 242 194 254
196 242 196 255
198 242 201 244
220 242 220 255
251 242 252 247
13 243 16 245
20 243 21 248
59 243 60 249
67 243 67 256
100 243 101 248
105 243 105 255
119 243 119 255
126 243 126 256
127 243 127 254
131 243 131 256
135 243 135 256
145 243 147 246
165 243 165 255
167 243 168 248
171 243 171 255
177 243 177 255
204 243 204 255
213 243 213 254
222 243 222 256
225 243 225 256
241 243 243 246
36 244 36 257
58 244 58 257
68 244 68 257
97 244 97 257
130 244 130 257
148 244 148 257
149 244 149 257
150 244 150 257
158 244 159 249
211 244 211 255
223 244 223 257
235 244 235 257
239 244 240 249
250 244 250 257
0 245 0 258
28 245 28 258
37 245 39 248
41 245 43 248
73 245 74 250
78 245 78 258
83 245 83 258
117 245 117 258
124 245 124 258
139 245 141 248
157 245 157 258
216 245 216 258
219 245 219 258
247 245 247 258
253 245 253 258
14 246 14 259
32 246 32 259
51 246 51 259
56 246 57 251
63 246 63 259
72 246 72 259
88 246 88 259
94 246 94 259
107 246 107 259
173 246 173 259
178 246 178 259
180 246 180 259
181 246 184 248
186 246 186 259
200 246 200 259
221 246 221 259
2 247 2 260
11 247 12 253
15 247 16 252
29 247 29 260
44 247 45 252
54 247 55 252
80 247 81 252
122 247 122 260
123 247 123 260
142 247 142 260
145 247 146 252
151 247 151 260
152 247 152 260
164 247 164 260
203 247 203 260
207 247 207 260
218 247 218 260
224 247 224 260
241 247 242 252
27 248 27 261
33 248 34 254
89 248 91 251
109 248 109 261
111 248 111 261
132 248 132 261
136 248 136 261
153 248 153 261
155 248 155 261
175 248 175 261
192 248 193 253
205 248 205 261
214 248 214 261
232 248 232 261
252 248 252 261
255 248 256 253
20 249 20 262
24 249 24 262
35 249 35 262
38 249 41 251
43 249 43 262
65 249 66 255
87 249 87 262
101 249 101 262
139 249 141 252
143 249 143 262
162 249 162 262
167 249 169 252
172 249 172 262
181 249 181 262
184 249 184 262
217 249 217 262
229 249 229 262
243 249 243 262
248 249 249 255
3 250 5 253
47 250 47 263
59 250 59 263
60 250 60 263
70 250 70 263
77 250 77 263
102 250 102 263
138 250 138 263
158 250 158 263
159 250 159 263
179 250 179 263
187 250 187 263
195 250 195 263
201 250 201 263
236 250 236 263
240 250 240 263
22 251 23 257
25 251 26 257
49 251 49 264
50 251 50 264
69 251 69 264
74 251 74 264
96 251 96 264
110 251 110 264
112 251 115 253
118 251 118 264
160 251 160 264
182 251 183 257
246 251 246 264
8 252 8 265
37 252 38 258
39 252 39 265
40 252 41 258
56 252 56 265
57 252 57 265
73 252 73 265
90 252 90 265
95 252 95 265
133 252 133 265
188 252 188 265
189 252 189 265
190 252 191 258
199 252 199 265
215 252 215 265
227 252 227 265
231 252 231 265
244 252 244 265
251 252 251 265
9 253 10 259
15 253 15 266
16 253 16 266
17 253 17 266
44 253 45 259
55 253 55 266
80 253 80 266
82 253 82 266
140 253 140 266
141 253 141 266
145 253 145 266
167 253 167 266
168 253 168 266
185 253 185 266
206 253 206 266
226 253 226 266
233 253 233 266
234 253 234 266
237 253 237 266
242 253 242 266
3 254 3 267
4 254 5 260
7 254 7 267
18 254 18 267
30 254 30 267
31 254 31 267
52 254 53 260
61 254 61 267
89 254 89 267
92 254 93 260
103 254 104 260
113 254 113 267
114 254 114 267
115 254 115 267
144 254 144 267
146 254 147 260
192 254 192 267
197 254 197 267
228 254 228 267
230 254 230 267
254 254 254 267
255 254 255 267
256 254 256 267
11 255 11 268
62 255 62 268
71 255 71 268
75 255 75 268
85 255 85 268
86 255 86 268
98 255 99 261
112 255 112 268
121 255 121 268
127 255 127 268
128 255 128 268
139 255 139 268
166 255 166 268
169 255 169 268
194 255 194 268
202 255 202 268
213 255 213 268
6 256 6 269
64 256 66 259
76 256 76 269
81 256 81 269
105 256 105 269
119 256 119 269
154 256 154 269
165 256 165 269
171 256 171 269
177 256 177 269
193 256 193 269
198 256 198 269
204 256 204 269
208 256 211 258
212 256 212 269
