5024
0 0 7 0
0 1 9 1
0 2 1 5
0 6 8 6
0 7 1 11
0 12 1 15
0 16 3 17
0 18 3 19
0 20 7 20
0 21 1 24
0 25 7 25
0 26 3 27
0 28 9 28
0 29 7 29
0 30 7 30
0 31 7 31
0 32 2 34
0 35 0 44
0 45 3 46
0 47 7 47
0 48 1 51
0 52 7 52
0 53 1 56
0 57 7 57
0 58 8 58
0 59 7 59
0 60 7 60
0 61 8 61
0 62 7 62
0 63 8 63
0 64 8 64
0 65 3 66
0 67 3 68
0 69 0 76
0 77 7 77
0 78 1 81
0 82 0 89
0 90 3 91
0 92 3 93
0 94 7 94
0 95 3 97
0 98 8 98
0 99 7 99
0 100 0 107
0 108 2 110
0 111 3 112
0 113 10 113
0 114 2 116
0 117 7 117
0 118 3 119
0 120 11 120
0 121 1 125
0 126 0 134
0 135 0 143
0 144 0 151
0 152 8 152
0 153 7 153
0 154 8 154
0 155 0 164
0 165 0 173
0 174 3 175
0 176 3 177
0 178 9 178
0 179 1 182
0 183 7 183
0 184 7 184
0 185 3 186
0 187 8 187
0 188 8 188
0 189 7 189
0 190 3 191
0 192 7 192
0 193 4 194
0 195 10 195
0 196 0 205
0 206 7 206
0 207 7 207
0 208 0 215
0 216 3 217
0 218 7 218
0 219 1 222
0 223 3 224
0 225 8 225
0 226 0 234
0 235 8 235
0 236 2 238
0 239 1 242
0 243 7 243
0 244 7 244
0 245 3 246
0 247 7 247
0 248 9 248
0 249 9 249
1 35 1 42
1 43 8 43
1 44 9 44
1 71 9 71
1 72 11 72
1 73 9 73
1 74 8 74
1 75 12 75
1 76 8 76
1 82 11 82
1 83 3 85
1 86 4 87
1 88 10 88
1 89 9 89
1 100 8 100
1 101 8 101
1 102 4 103
1 104 3 107
1 126 4 127
1 128 3 130
1 131 8 131
1 132 9 132
1 133 12 133
1 134 4 135
1 136 9 136
1 137 3 139
1 140 8 140
1 141 1 148
1 149 11 149
1 150 10 150
1 151 9 151
1 155 3 157
1 158 8 158
1 159 3 161
1 162 4 163
1 164 4 165
1 166 9 166
1 167 9 167
1 168 4 169
1 170 8 170
1 171 11 171
1 172 4 173
1 196 10 196
1 197 9 197
1 198 9 198
1 199 8 199
1 200 2 204
1 205 11 205
1 208 8 208
1 209 4 210
1 211 2 214
1 215 10 215
1 226 3 228
1 229 8 229
1 230 4 231
1 232 8 232
1 233 10 233
1 234 9 234
2 2 4 4
2 5 10 5
2 7 13 7
2 8 11 8
2 9 3 12
2 13 9 13
2 14 10 14
2 15 10 15
2 21 13 21
2 22 5 23
2 24 11 24
2 35 4 37
2 38 10 38
2 39 9 39
2 40 12 40
2 41 10 41
2 42 10 42
2 48 9 48
2 49 12 49
2 50 12 50
2 51 11 51
2 53 9 53
2 54 4 56
2 78 13 78
2 79 4 81
2 121 10 121
2 122 3 125
2 141 3 144
2 145 4 147
2 148 9 148
2 179 5 180
2 181 9 181
2 219 3 222
2 239 12 239
2 240 9 240
2 241 6 242
3 32 6 33
3 34 11 34
3 108 6 110
3 114 6 115
3 116 12 116
3 200 11 200
3 201 11 201
3 202 13 202
3 203 13 203
3 204 10 204
3 211 5 214
3 236 12 236
3 237 12 237
4 9 7 10
4 11 11 11
4 16 14 16
4 17 6 19
4 26 8 27
4 45 12 45
4 46 12 46
4 65 7 66
4 67 8 68
4 69 15 69
4 83 15 83
4 84 12 84
4 85 11 85
4 90 5 93
4 95 7 96
4 104 12 104
4 105 12 105
4 106 13 106
4 107 12 107
4 112 14 112
4 118 7 119
4 122 7 123
4 124 8 125
4 128 11 128
4 129 8 130
4 137 7 138
4 139 14 139
4 141 9 142
4 143 14 143
4 144 12 144
4 155 12 155
4 156 8 157
4 159 8 160
4 161 13 161
4 174 7 176
4 177 11 177
4 182 14 182
4 185 13 185
4 186 12 186
4 190 11 190
4 217 12 217
4 219 11 219
4 220 14 220
4 221 7 222
4 223 8 224
4 226 9 227
4 228 11 228
4 245 11 245
4 246 11 246
5 2 12 2
5 3 12 3
5 12 15 12
5 35 13 35
5 36 15 36
5 54 14 54
5 55 8 56
5 79 7 81
5 86 14 86
5 87 15 87
5 102 14 102
5 126 14 126
5 127 12 127
5 134 13 134
5 135 14 135
5 146 12 146
5 162 16 162
5 163 12 163
5 164 8 165
5 168 13 168
5 169 14 169
5 172 13 172
5 173 13 173
5 193 12 193
5 194 12 194
5 209 8 210
5 230 13 230
5 231 16 231
6 22 14 22
6 90 16 90
6 91 16 91
6 92 14 92
6 97 17 97
6 111 16 111
6 180 15 180
6 211 9 212
6 213 9 214
7 17 9 19
7 32 14 32
7 33 14 33
7 108 12 109
7 110 17 110
7 114 10 115
7 145 17 145
7 241 12 242
8 0 18 0
8 9 13 10
8 20 15 20
8 25 16 25
8 29 16 29
8 30 16 30
8 31 16 31
8 47 17 47
8 52 16 52
8 57 17 57
8 59 15 59
8 60 16 60
8 62 15 62
8 65 11 66
8 70 18 70
8 77 16 77
8 79 11 80
8 81 18 81
8 93 10 95
8 96 18 96
8 99 17 99
8 117 11 118
8 119 16 119
8 122 15 122
8 123 17 123
8 137 18 137
8 138 15 138
8 153 16 153
8 174 11 176
8 183 12 184
8 189 15 189
8 191 13 192
8 206 11 207
8 216 18 216
8 218 15 218
8 221 18 221
8 238 18 238
8 243 18 243
8 244 15 244
8 247 16 247
9 6 18 6
9 26 18 26
9 27 16 27
9 43 17 43
9 55 17 55
9 56 17 56
9 58 17 58
9 61 17 61
9 63 18 63
9 64 17 64
9 67 12 68
9 74 17 74
9 76 17 76
9 98 17 98
9 100 13 101
9 124 20 124
9 125 17 125
9 130 16 130
9 131 16 131
9 140 17 140
9 152 20 152
9 154 20 154
9 156 10 159
9 160 20 160
9 164 16 164
9 165 18 165
9 170 20 170
9 187 18 187
9 188 18 188
9 199 16 199
9 208 13 209
9 210 17 210
9 222 10 225
9 229 18 229
9 232 16 232
9 235 16 235
10 1 18 1
10 13 18 13
10 17 19 17
10 19 19 19
10 28 21 28
10 39 17 39
10 44 21 44
10 48 18 48
10 53 17 53
10 71 20 71
10 73 17 73
10 89 18 89
10 132 17 132
10 136 18 136
10 141 18 141
10 142 18 142
10 147 13 148
10 151 20 151
10 166 14 167
10 178 20 178
10 181 18 181
10 197 20 197
10 198 19 198
10 211 18 211
10 214 21 214
10 234 19 234
10 240 18 240
10 248 17 248
10 249 17 249
11 4 16 5
11 14 15 15
11 23 21 23
11 38 20 38
11 41 15 42
11 88 19 88
11 93 20 93
11 94 20 94
11 113 21 113
11 114 20 114
11 115 21 115
11 121 20 121
11 150 20 150
11 156 14 157
11 158 19 158
11 159 21 159
11 179 21 179
11 195 18 195
11 196 19 196
11 204 22 204
11 212 21 212
11 215 21 215
11 222 12 226
11 233 19 233
12 8 22 8
12 11 20 11
12 18 22 18
12 24 19 24
12 34 19 34
12 37 22 37
12 51 20 51
12 65 21 65
12 66 20 66
12 72 23 72
12 79 17 80
12 82 22 82
12 85 22 85
12 117 16 118
12 128 21 128
12 149 19 149
12 171 21 171
12 174 15 175
12 176 16 177
12 190 21 190
12 200 15 201
12 205 16 206
12 207 23 207
12 213 22 213
12 219 21 219
12 227 17 228
12 245 19 245
12 246 22 246
13 2 16 3
13 40 23 40
13 45 16 46
13 49 17 50
13 67 24 67
13 68 23 68
13 84 23 84
13 103 18 104
13 105 20 105
13 107 21 107
13 108 24 108
13 109 21 109
13 116 20 116
13 127 20 127
13 144 23 144
13 146 23 146
13 155 23 155
13 163 22 163
13 184 22 184
13 186 22 186
13 193 21 193
13 194 22 194
13 217 21 217
13 222 22 222
13 223 22 223
13 224 16 226
13 236 17 237
13 239 21 239
13 241 18 242
14 9 21 9
14 10 24 10
14 35 25 35
14 95 24 95
14 100 21 100
14 101 23 101
14 106 21 106
14 133 17 134
14 147 19 148
14 161 24 161
14 168 24 168
14 172 22 172
14 173 22 173
14 185 22 185
14 191 21 191
14 192 22 192
14 202 18 203
14 208 24 208
14 230 22 230
15 16 25 16
15 21 19 22
15 32 22 32
15 33 24 33
15 54 23 54
15 86 25 86
15 92 22 92
15 102 23 102
15 112 22 112
15 126 25 126
15 135 22 135
15 139 25 139
15 143 23 143
15 156 18 157
15 166 24 166
15 169 26 169
15 182 22 182
15 183 25 183
15 220 25 220
16 12 26 12
16 15 24 15
16 20 24 20
16 36 24 36
16 41 23 41
16 42 25 42
16 59 25 59
16 62 23 62
16 78 26 78
16 87 25 87
16 122 26 122
16 129 27 129
16 138 24 138
16 174 23 174
16 175 27 175
16 180 23 180
16 189 23 189
16 200 24 200
16 201 25 201
16 218 25 218
16 244 26 244
17 2 26 2
17 3 24 3
17 4 25 4
17 5 25 5
17 14 28 14
17 25 25 25
17 27 24 27
17 29 19 31
17 45 22 46
17 52 26 52
17 60 24 60
17 75 27 75
17 77 24 77
17 83 27 83
17 90 21 91
17 111 27 111
17 117 18 120
17 130 21 131
17 153 28 153
17 162 27 162
17 164 24 164
17 177 28 177
17 199 28 199
17 205 27 205
17 206 25 206
17 224 22 225
17 232 26 232
17 235 27 235
17 247 28 247
18 39 25 39
18 43 25 43
18 47 28 47
18 49 21 50
18 53 26 53
18 55 27 55
18 56 22 57
18 58 25 58
18 61 25 61
18 64 28 64
18 73 27 73
18 74 26 74
18 76 26 76
18 79 22 80
18 97 22 98
18 99 28 99
18 110 26 110
18 123 26 123
18 125 26 125
18 132 29 132
18 133 25 133
18 140 28 140
18 145 27 145
18 167 28 167
18 209 23 210
18 226 20 228
18 236 28 236
18 248 21 249
19 0 23 1
19 6 26 6
19 7 29 7
19 13 28 13
19 26 26 26
19 48 26 48
19 63 29 63
19 69 22 70
19 81 30 81
19 89 26 89
19 96 26 96
19 103 22 104
19 117 29 117
19 118 28 118
19 119 23 120
19 136 23 137
19 141 26 141
19 142 29 142
19 156 29 156
19 157 27 157
19 165 29 165
19 176 29 176
19 181 26 181
19 187 27 187
19 188 29 188
19 195 30 195
19 202 26 202
19 203 29 203
19 211 29 211
19 216 26 216
19 221 27 221
19 229 29 229
19 237 29 237
19 238 29 238
19 240 22 242
19 243 29 243
20 17 29 17
20 19 27 19
20 21 24 22
20 24 30 24
20 29 22 31
20 34 27 34
20 88 28 88
20 147 28 147
20 148 28 148
20 149 28 149
20 158 29 158
20 196 27 196
20 198 30 198
20 233 24 234
20 245 27 245
21 11 29 11
21 38 30 38
21 51 32 51
21 66 30 66
21 71 32 71
21 93 25 94
21 105 31 105
21 114 28 114
21 116 31 116
21 121 31 121
21 127 30 127
21 150 28 150
21 151 24 152
21 178 28 178
21 197 31 197
21 226 23 228
22 9 32 9
22 23 29 23
22 49 30 49
22 65 30 65
22 90 25 91
22 100 29 100
22 106 30 106
22 107 32 107
22 109 29 109
22 113 33 113
22 115 30 115
22 128 29 128
22 130 27 131
22 154 32 154
22 159 32 159
22 170 26 171
22 179 32 179
22 190 25 191
22 193 29 193
22 212 30 212
22 214 25 215
22 217 30 217
22 219 32 219
22 239 29 239
22 248 30 248
22 249 32 249
23 8 33 8
23 18 32 18
23 28 24 32
23 37 30 37
23 44 26 45
23 46 34 46
23 56 33 56
23 57 33 57
23 69 33 69
23 70 34 70
23 79 26 80
23 82 30 82
23 85 31 85
23 92 33 92
23 97 30 97
23 98 31 98
23 103 26 104
23 112 30 112
23 135 31 135
23 163 33 163
23 172 31 172
23 173 31 173
23 182 31 182
23 184 25 186
23 192 33 192
23 194 32 194
23 213 30 213
23 222 24 225
23 230 26 231
23 240 28 241
23 246 32 246
24 0 34 0
24 1 34 1
24 40 28 41
24 50 35 50
24 54 34 54
24 62 31 62
24 68 34 68
24 72 34 72
24 84 35 84
24 101 32 101
24 102 31 102
24 119 31 119
24 120 31 120
24 136 27 137
24 143 28 144
24 146 34 146
24 155 31 155
24 174 32 174
24 180 33 180
24 189 35 189
24 209 32 209
24 210 31 210
24 226 33 226
24 227 32 227
24 228 32 228
25 3 33 3
25 10 36 10
25 15 34 15
25 20 28 22
25 27 32 27
25 28 35 28
25 29 28 30
25 31 34 31
25 32 33 32
25 33 35 33
25 36 32 36
25 60 33 60
25 77 33 77
25 95 33 95
25 108 35 108
25 138 33 138
25 151 29 152
25 161 32 161
25 164 35 164
25 166 34 166
25 168 33 168
25 200 34 200
25 207 29 208
25 222 26 225
25 233 28 234
25 242 35 242
26 4 29 5
26 16 34 16
26 25 35 25
26 39 35 39
26 42 34 42
26 43 35 43
26 58 33 58
26 59 33 59
26 61 34 61
26 86 30 87
26 90 30 91
26 93 29 94
26 126 36 126
26 133 30 134
26 139 35 139
26 183 33 183
26 184 33 184
26 185 29 186
26 190 36 190
26 191 36 191
26 201 36 201
26 206 34 206
26 214 29 215
26 218 33 218
26 220 33 220
27 2 37 2
27 6 34 6
27 12 34 12
27 26 35 26
27 44 35 44
27 45 38 45
27 48 35 48
27 52 30 53
27 74 37 74
27 76 35 76
27 78 34 78
27 79 30 80
27 89 34 89
27 96 38 96
27 103 34 103
27 110 37 110
27 122 30 123
27 125 34 125
27 141 37 141
27 169 29 171
27 181 34 181
27 202 37 202
27 216 37 216
27 222 30 224
27 230 35 230
27 231 30 232
27 244 34 244
28 19 37 19
28 34 36 34
28 55 36 55
28 67 38 67
28 73 39 73
28 75 36 75
28 83 38 83
28 104 38 104
28 111 37 111
28 124 38 124
28 129 33 130
28 131 38 131
28 136 36 136
28 137 37 137
28 145 35 145
28 157 37 157
28 162 35 162
28 187 37 187
28 196 38 196
28 204 32 205
28 221 35 221
28 235 38 235
28 245 36 245
29 13 34 14
29 20 37 20
29 22 39 22
29 29 33 30
29 40 32 41
29 47 36 47
29 64 38 64
29 88 38 88
29 99 39 99
29 114 37 114
29 118 39 118
29 140 39 140
29 143 40 143
29 144 38 144
29 147 30 150
29 160 39 160
29 167 37 167
29 177 33 178
29 233 37 233
29 234 38 234
29 236 40 236
29 240 32 241
29 247 39 247
30 4 35 5
30 7 37 7
30 11 37 11
30 17 38 17
30 23 39 23
30 35 40 35
30 63 38 63
30 93 37 93
30 94 37 94
30 100 41 100
30 109 37 109
30 117 38 117
30 128 37 128
30 142 37 142
30 151 32 153
30 156 40 156
30 158 40 158
30 165 39 165
30 169 32 171
30 176 37 176
30 185 33 186
30 188 38 188
30 193 38 193
30 203 37 203
30 207 38 207
30 208 40 208
30 211 39 211
30 214 33 215
30 229 39 229
30 237 37 237
30 238 35 239
30 243 40 243
31 21 41 21
31 24 41 24
31 37 40 37
31 38 39 38
31 49 39 49
31 52 41 52
31 65 38 65
31 66 41 66
31 79 39 79
31 80 38 80
31 81 35 82
31 86 35 87
31 90 36 91
31 97 38 97
31 106 39 106
31 112 39 112
31 115 41 115
31 122 34 123
31 127 42 127
31 132 36 133
31 134 40 134
31 147 33 149
31 150 39 150
31 198 39 198
31 212 35 213
31 217 42 217
31 222 39 222
31 223 33 225
31 231 34 232
31 248 41 248
32 62 42 62
32 85 39 85
32 98 41 98
32 102 39 102
32 105 42 105
32 116 40 116
32 119 35 120
32 121 39 121
32 135 39 135
32 155 41 155
32 172 36 173
32 182 41 182
32 197 39 197
32 210 41 210
33 9 41 9
33 18 41 18
33 27 40 27
33 36 43 36
33 40 36 41
33 101 42 101
33 107 42 107
33 151 40 151
33 152 40 152
33 154 41 154
33 159 43 159
33 161 43 161
33 169 36 170
33 171 41 171
33 174 43 174
33 179 42 179
33 194 40 194
33 204 41 204
33 205 42 205
33 209 41 209
33 219 42 219
33 227 38 228
33 240 40 240
33 241 42 241
33 246 41 246
33 249 44 249
34 3 44 3
34 8 41 8
34 29 44 29
34 30 42 30
34 32 43 32
34 51 44 51
34 53 45 53
34 56 35 59
34 60 41 60
34 69 43 69
34 77 41 77
34 92 43 92
34 95 44 95
34 129 44 129
34 130 44 130
34 138 43 138
34 147 44 147
34 148 42 148
34 149 42 149
34 163 41 163
34 168 44 168
34 177 38 178
34 180 42 180
34 183 43 183
34 184 43 184
34 185 38 186
34 192 44 192
34 214 41 214
34 215 42 215
34 218 42 218
34 220 42 220
34 223 42 223
34 224 42 224
34 225 39 226
35 0 39 1
35 6 42 6
35 12 42 12
35 13 42 13
35 14 42 14
35 15 44 15
35 16 44 16
35 31 44 31
35 42 45 42
35 54 42 54
35 61 44 61
35 68 42 68
35 70 45 70
35 71 38 72
35 78 43 78
35 89 43 89
35 103 44 103
35 122 42 122
35 123 46 123
35 125 43 125
35 146 44 146
35 166 43 166
35 181 42 181
35 200 42 200
35 206 44 206
35 231 43 231
35 244 46 244
36 4 40 5
36 25 39 26
36 28 45 28
36 33 44 33
36 39 46 39
36 43 44 43
36 44 44 44
36 48 46 48
36 50 46 50
36 56 38 58
36 59 44 59
36 76 44 76
36 81 39 82
36 86 45 86
36 87 44 87
36 108 44 108
36 119 39 120
36 139 44 139
36 145 43 145
36 162 46 162
36 164 43 164
36 199 46 199
36 213 44 213
36 221 44 221
36 230 44 230
36 238 45 238
36 239 46 239
36 242 43 242
37 34 44 34
37 41 45 41
37 46 41 47
37 55 45 55
37 75 44 75
37 84 47 84
37 90 40 91
37 126 44 126
37 133 46 133
37 136 46 136
37 169 40 170
37 172 44 172
37 173 46 173
37 189 39 191
37 195 47 195
37 201 47 201
37 232 47 232
37 245 48 245
38 2 46 2
38 7 48 7
38 10 41 11
38 19 41 20
38 74 47 74
38 93 42 94
38 109 46 109
38 110 47 110
38 111 46 111
38 113 48 113
38 114 46 114
38 128 46 128
38 137 45 137
38 141 48 141
38 142 47 142
38 157 45 157
38 167 47 167
38 175 43 176
38 187 47 187
38 202 41 203
38 216 47 216
38 233 45 233
38 237 49 237
39 17 46 17
39 40 49 40
39 45 50 45
39 57 47 57
39 58 50 58
39 63 47 63
39 64 47 64
39 65 48 65
39 67 46 67
39 71 48 71
39 72 48 72
39 80 47 80
39 83 49 83
39 88 46 88
39 96 43 97
39 104 48 104
39 117 48 117
39 124 46 124
39 131 47 131
39 144 47 144
39 177 48 177
39 185 44 186
39 188 49 188
39 193 47 193
39 196 47 196
39 207 50 207
39 227 46 227
39 228 50 228
39 234 49 234
39 235 46 235
40 1 48 1
40 22 49 22
40 23 50 23
40 25 47 25
40 38 47 38
40 49 51 49
40 73 50 73
40 79 48 79
40 81 47 81
40 82 49 82
40 85 50 85
40 99 49 99
40 102 50 102
40 106 47 106
40 112 49 112
40 118 42 121
40 135 47 135
40 140 48 140
40 150 50 150
40 153 50 153
40 160 47 160
40 165 48 165
40 178 50 178
40 189 43 190
40 191 49 191
40 197 51 197
40 198 47 198
40 211 47 211
40 222 47 222
40 225 48 225
40 226 51 226
40 229 50 229
40 247 50 247
41 4 45 5
41 26 46 27
41 35 49 35
41 37 48 37
41 90 48 90
41 91 48 91
41 116 48 116
41 134 51 134
41 151 48 151
41 152 52 152
41 156 52 156
41 158 50 158
41 169 48 169
41 170 50 170
41 194 50 194
41 208 50 208
41 212 51 212
41 236 52 236
41 240 52 240
41 243 52 243
42 8 44 10
42 11 49 11
42 18 53 18
42 19 44 21
42 24 50 24
42 46 52 46
42 47 52 47
42 52 52 52
42 60 50 60
42 66 52 66
42 77 53 77
42 98 53 98
42 115 51 115
42 154 45 155
42 163 50 163
42 171 49 171
42 182 52 182
42 202 45 203
42 204 51 204
42 209 47 210
42 214 49 214
42 246 49 246
42 248 50 248
43 0 53 0
43 6 51 6
43 12 51 12
43 13 46 14
43 30 52 30
43 54 51 54
43 62 54 62
43 68 50 68
43 93 46 94
43 100 46 101
43 105 51 105
43 107 53 107
43 118 48 119
43 120 50 120
43 121 46 122
43 127 53 127
43 148 50 148
43 149 53 149
43 179 51 179
43 180 52 180
43 181 52 181
43 200 51 200
43 205 50 205
43 215 51 215
43 218 50 218
43 219 48 220
43 223 52 223
43 224 51 224
43 241 52 241
44 32 54 32
44 36 51 36
44 69 52 69
44 78 53 78
44 89 54 89
44 92 55 92
44 96 47 97
44 125 52 125
44 138 53 138
44 145 53 145
44 159 53 159
44 161 53 161
44 164 51 164
44 166 55 166
44 174 46 176
44 183 47 184
44 189 51 189
44 231 53 231
44 242 52 242
45 3 52 3
45 8 47 10
45 15 53 15
45 16 53 16
45 19 47 21
45 29 53 29
45 31 55 31
45 33 48 34
45 43 48 44
45 51 52 51
45 59 56 59
45 61 52 61
45 75 52 75
45 76 55 76
45 87 55 87
45 95 52 95
45 103 54 103
45 108 52 108
45 126 54 126
45 129 49 130
45 139 56 139
45 146 52 146
45 147 54 147
45 168 53 168
45 172 54 172
45 185 48 186
45 192 56 192
45 206 52 206
45 213 53 213
45 221 54 221
45 230 53 230
46 4 49 5
46 28 54 28
46 41 53 41
46 42 56 42
46 55 55 55
46 70 56 70
46 86 53 86
46 137 53 137
46 154 55 154
46 155 55 155
46 157 56 157
46 203 54 203
46 233 54 233
46 238 56 238
47 2 57 2
47 13 55 13
47 14 55 14
47 17 54 17
47 26 50 27
47 39 55 39
47 48 55 48
47 50 54 50
47 53 57 53
47 67 56 67
47 88 54 88
47 93 56 93
47 94 56 94
47 100 50 101
47 109 55 109
47 111 57 111
47 114 56 114
47 121 48 124
47 128 58 128
47 132 50 133
47 136 55 136
47 162 54 162
47 173 49 175
47 176 55 176
47 199 55 199
47 217 57 217
47 227 57 227
47 235 54 235
47 239 54 239
47 244 57 244
48 8 50 10
48 19 57 19
48 21 59 21
48 25 57 25
48 38 55 38
48 56 52 57
48 63 51 64
48 74 55 74
48 80 51 81
48 84 57 84
48 96 55 96
48 97 58 97
48 106 57 106
48 110 55 110
48 131 56 131
48 135 58 135
48 142 50 144
48 160 57 160
48 167 55 167
48 183 55 183
48 184 55 184
48 187 59 187
48 193 58 193
48 195 56 195
48 196 58 196
48 198 57 198
48 201 51 202
48 210 53 211
48 216 56 216
48 222 59 222
48 232 57 232
49 1 60 1
49 7 59 7
49 20 59 20
49 33 59 33
49 37 59 37
49 43 52 44
49 65 59 65
49 71 56 71
49 72 56 72
49 79 57 79
49 90 52 91
49 104 56 104
49 113 57 113
49 116 60 116
49 117 52 118
49 121 52 123
49 124 56 124
49 140 52 141
49 151 58 151
49 165 57 165
49 169 58 169
49 177 58 177
49 185 56 185
49 186 57 186
49 219 53 220
49 225 57 225
49 249 59 249
50 4 53 5
50 11 60 11
50 22 60 22
50 34 54 35
50 40 59 40
50 82 53 83
50 99 58 99
50 112 59 112
50 119 60 119
50 129 54 130
50 171 58 171
50 173 52 175
50 188 60 188
50 191 57 191
50 214 58 214
50 234 60 234
50 245 53 246
51 8 58 8
51 9 54 10
51 23 55 24
51 26 55 27
51 58 62 58
51 60 58 60
51 68 60 68
51 73 60 73
51 85 60 85
51 100 58 100
51 101 61 101
51 102 61 102
51 120 61 120
51 133 59 133
51 142 54 143
51 144 59 144
51 148 61 148
51 150 60 150
51 153 59 153
51 158 58 158
51 163 58 163
51 170 62 170
51 178 60 178
51 194 60 194
51 205 59 205
51 207 53 209
51 218 61 218
51 228 54 229
51 247 59 247
51 248 60 248
52 6 59 6
52 12 59 12
52 36 60 36
52 45 62 45
52 54 62 54
52 63 61 63
52 64 61 64
52 80 59 80
52 81 61 81
52 105 59 105
52 115 63 115
52 134 63 134
52 164 60 164
52 179 59 179
52 189 62 189
52 200 55 201
52 202 59 202
52 204 59 204
52 212 61 212
52 215 60 215
52 224 60 224
52 237 63 237
53 3 62 3
53 30 60 30
53 43 64 43
53 44 60 44
53 46 60 46
53 47 63 47
53 51 63 51
53 52 63 52
53 56 60 56
53 61 62 61
53 66 63 66
53 69 61 69
53 75 61 75
53 90 62 90
53 91 60 91
53 95 60 95
53 108 63 108
53 117 57 118
53 122 61 122
53 125 61 125
53 140 60 140
53 146 62 146
53 173 55 175
53 180 55 182
53 197 63 197
53 206 61 206
53 223 60 223
53 226 63 226
53 240 56 241
53 242 61 242
54 0 63 0
54 4 58 5
54 15 59 16
54 29 62 29
54 41 64 41
54 49 64 49
54 77 57 78
54 82 57 83
54 86 62 86
54 107 63 107
54 127 62 127
54 137 61 137
54 138 63 138
54 145 62 145
54 149 61 149
54 159 64 159
54 161 63 161
54 168 64 168
54 207 55 210
54 211 63 211
54 213 61 213
54 219 61 219
54 220 62 220
54 230 64 230
54 231 62 231
54 246 64 246
55 9 62 9
55 10 65 10
55 17 59 18
55 28 64 28
55 32 63 32
55 34 62 34
55 50 65 50
55 57 65 57
55 88 65 88
55 89 65 89
55 98 65 98
55 103 65 103
55 126 64 126
55 129 58 130
55 141 58 142
55 143 63 143
55 147 65 147
55 162 62 162
55 172 62 172
55 203 62 203
55 221 63 221
55 229 63 229
55 233 62 233
55 235 63 235
55 239 66 239
56 13 60 14
56 23 63 23
56 24 63 24
56 26 59 27
56 31 64 31
56 38 59 39
56 48 64 48
56 55 64 55
56 74 63 74
56 76 66 76
56 87 63 87
56 96 65 96
56 109 64 109
56 110 66 110
56 136 67 136
56 152 66 152
56 154 63 154
56 155 63 155
56 167 65 167
56 173 64 173
56 174 64 174
56 175 65 175
56 176 63 176
56 180 59 181
56 182 67 182
56 183 60 184
56 190 66 190
56 199 58 201
56 207 59 208
56 209 66 209
56 210 63 210
57 42 67 42
57 67 67 67
57 70 61 71
57 72 64 72
57 93 64 93
57 94 68 94
57 104 68 104
57 114 66 114
57 123 61 124
57 131 67 131
57 132 67 132
57 139 67 139
57 156 61 157
57 185 68 185
57 195 65 195
57 216 67 216
57 238 67 238
57 241 65 241
57 243 67 243
58 2 65 2
58 19 66 19
58 25 65 25
58 53 68 53
58 77 60 79
58 82 66 82
58 83 61 84
58 106 68 106
58 111 66 111
58 113 66 113
58 118 65 118
58 121 68 121
58 160 69 160
58 165 67 165
58 186 65 186
58 191 66 191
58 198 69 198
58 217 66 217
58 225 67 225
58 227 65 227
58 232 65 232
58 244 65 244
58 245 68 245
59 4 63 5
59 8 66 8
59 59 64 60
59 62 69 62
59 97 69 97
59 99 62 100
59 117 70 117
59 128 61 130
59 135 66 135
59 142 69 142
59 151 67 151
59 158 69 158
59 163 68 163
59 169 69 169
59 171 70 171
59 177 66 177
59 192 63 193
59 196 70 196
59 199 63 200
59 214 68 214
59 240 70 240
60 6 64 7
60 12 68 12
60 15 67 15
60 16 62 18
60 20 67 20
60 26 63 27
60 33 70 33
60 37 67 37
60 38 63 40
60 65 70 65
60 80 68 80
60 105 68 105
60 112 67 112
60 133 71 133
60 141 70 141
60 144 68 144
60 153 70 153
60 179 68 179
60 180 67 180
60 181 68 181
60 187 70 187
60 201 64 202
60 204 68 204
60 205 69 205
60 207 69 207
60 208 70 208
60 247 67 247
60 249 69 249
61 11 70 11
61 13 71 13
61 14 68 14
61 21 66 22
61 30 71 30
61 35 71 35
61 36 68 36
61 44 69 44
61 46 71 46
61 56 68 56
61 68 71 68
61 73 70 73
61 77 63 79
61 85 71 85
61 91 69 91
61 95 68 95
61 119 72 119
61 140 70 140
61 150 71 150
61 164 70 164
61 178 69 178
61 183 68 183
61 184 68 184
61 188 70 188
61 194 69 194
61 215 72 215
61 222 63 224
61 234 68 234
61 248 69 248
62 1 72 1
62 63 73 63
62 64 72 64
62 69 69 69
62 70 65 71
62 75 70 75
62 81 70 81
62 83 70 83
62 101 69 101
62 102 70 102
62 120 73 120
62 122 63 125
62 129 72 129
62 130 71 130
62 137 69 137
62 148 72 148
62 149 69 149
62 156 69 156
62 157 70 157
62 166 72 166
62 206 72 206
62 212 65 213
62 218 71 218
62 219 71 219
62 242 73 242
63 3 70 3
63 9 70 9
63 16 72 16
63 17 73 17
63 18 73 18
63 29 72 29
63 34 73 34
63 45 70 45
63 54 73 54
63 61 73 61
63 84 73 84
63 86 70 86
63 90 74 90
63 92 73 92
63 99 72 99
63 116 73 116
63 127 70 127
63 145 70 145
63 146 72 146
63 162 72 162
63 172 72 172
63 189 74 189
63 203 70 203
63 220 72 220
63 228 73 228
63 231 72 231
63 233 70 233
64 0 72 0
64 4 71 4
64 23 69 24
64 26 67 27
64 32 75 32
64 38 67 39
64 47 74 47
64 51 67 52
64 66 72 66
64 74 72 74
64 77 66 79
64 87 71 87
64 107 67 108
64 122 75 122
64 123 71 123
64 124 67 125
64 128 74 128
64 138 74 138
64 143 72 143
64 154 69 155
64 161 71 161
64 176 72 176
64 193 73 193
64 197 73 197
64 199 75 199
64 210 71 210
64 211 75 211
64 221 65 224
64 226 73 226
64 229 73 229
64 235 74 235
65 7 74 7
65 28 74 28
65 31 72 31
65 40 75 40
65 41 75 41
65 48 68 49
65 55 76 55
65 58 68 60
65 72 76 72
65 93 72 93
65 109 72 109
65 126 74 126
65 159 75 159
65 168 75 168
65 173 68 174
65 192 75 192
65 200 70 201
65 202 72 202
65 230 76 230
65 237 75 237
65 246 73 246
66 2 76 2
66 5 76 5
66 10 76 10
66 25 74 25
66 50 73 50
66 57 75 57
66 70 70 71
66 88 70 89
66 96 76 96
66 98 74 98
66 103 73 103
66 115 76 115
66 118 74 118
66 147 73 147
66 167 76 167
66 175 74 175
66 186 74 186
66 195 77 195
66 212 75 212
66 213 74 213
66 221 70 222
66 223 71 224
66 227 73 227
66 232 76 232
66 241 74 241
66 244 73 244
67 8 75 8
67 19 75 19
67 21 77 21
67 76 70 77
67 78 74 78
67 79 75 79
67 82 75 82
67 100 78 100
67 110 75 110
67 111 77 111
67 113 70 114
67 134 71 135
67 152 74 152
67 177 74 177
67 190 76 190
67 191 77 191
67 209 77 209
67 217 77 217
68 6 78 6
68 15 79 15
68 20 75 20
68 26 75 26
68 37 76 37
68 38 72 39
68 42 75 42
68 52 78 52
68 67 79 67
68 107 76 107
68 112 75 112
68 124 76 124
68 131 78 131
68 132 78 132
68 139 77 139
68 151 75 151
68 165 78 165
68 170 78 170
68 180 77 180
68 216 78 216
68 225 77 225
68 236 78 236
68 238 77 238
68 243 79 243
68 247 77 247
69 12 80 12
69 14 78 14
69 36 77 36
69 48 72 49
69 51 79 51
69 53 78 53
69 56 78 56
69 58 71 60
69 80 80 80
69 94 72 95
69 105 80 105
69 106 77 106
69 121 79 121
69 136 79 136
69 144 77 144
69 163 77 163
69 173 72 174
69 179 78 179
69 181 70 185
69 204 76 204
69 214 78 214
69 234 76 234
69 245 78 245
70 22 73 23
70 24 79 24
70 44 79 44
70 62 77 62
70 69 77 69
70 91 78 91
70 97 80 97
70 101 78 101
70 125 80 125
70 137 77 137
70 142 78 142
70 149 77 149
70 156 80 156
70 158 80 158
70 160 81 160
70 169 77 169
70 178 79 178
70 194 81 194
70 205 81 205
70 207 79 207
70 248 77 248
70 249 80 249
71 3 82 3
71 9 78 9
71 11 78 11
71 33 80 33
71 45 82 45
71 65 81 65
71 71 78 71
71 73 81 73
71 75 73 77
71 81 80 81
71 83 79 83
71 86 79 86
71 88 74 89
71 102 82 102
71 104 81 104
71 113 80 113
71 114 78 114
71 127 81 127
71 140 74 141
71 145 79 145
71 153 81 153
71 154 81 154
71 157 80 157
71 164 81 164
71 182 74 184
71 185 82 185
71 187 74 188
71 198 81 198
71 200 81 200
71 203 79 203
71 208 79 208
71 221 74 222
71 233 82 233
71 239 76 240
72 4 82 4
72 13 82 13
72 30 82 30
72 35 79 35
72 43 83 43
72 46 83 46
72 58 79 58
72 59 80 59
72 60 80 60
72 68 83 68
72 85 79 85
72 87 82 87
72 123 79 123
72 130 80 130
72 133 75 134
72 150 82 150
72 161 83 161
72 171 82 171
72 210 81 210
72 218 82 218
72 219 82 219
72 223 80 223
72 224 82 224
73 0 83 0
73 1 82 1
73 16 81 16
73 29 83 29
73 31 80 31
73 39 83 39
73 48 77 49
73 64 80 64
73 66 80 66
73 74 82 74
73 93 80 93
73 94 83 94
73 95 80 95
73 99 84 99
73 108 77 109
73 129 83 129
73 135 83 135
73 143 82 143
73 146 84 146
73 148 84 148
73 162 83 162
73 166 81 166
73 172 80 172
73 173 80 173
73 174 83 174
73 176 81 176
73 181 83 181
73 201 76 202
73 206 80 206
73 220 81 220
73 231 80 231
74 17 83 17
74 18 81 18
74 22 82 22
74 23 84 23
74 34 81 34
74 50 84 50
74 54 81 54
74 61 84 61
74 63 84 63
74 75 82 75
74 77 83 77
74 84 83 84
74 92 84 92
74 103 84 103
74 116 77 117
74 147 82 147
74 193 82 193
74 196 78 197
74 226 84 226
74 227 81 227
74 228 77 229
74 244 83 244
74 246 85 246
75 7 84 7
75 25 83 25
75 27 85 27
75 28 84 28
75 47 83 47
75 78 83 78
75 88 84 88
75 89 82 89
75 90 86 90
75 98 85 98
75 118 83 118
75 126 86 126
75 128 83 128
75 138 86 138
75 140 79 141
75 152 85 152
75 175 83 175
75 177 84 177
75 182 78 183
75 184 86 184
75 186 77 188
75 213 84 213
75 221 79 222
75 235 83 235
75 241 80 242
76 8 85 8
76 19 80 20
76 26 85 26
76 38 86 38
76 40 83 40
76 41 80 42
76 57 87 57
76 79 83 79
76 82 84 82
76 110 87 110
76 112 83 112
76 119 86 119
76 133 84 133
76 134 84 134
76 151 85 151
76 159 84 159
76 168 84 168
76 189 86 189
76 192 87 192
76 211 80 212
76 215 87 215
76 237 83 237
77 2 87 2
77 5 84 5
77 10 85 10
77 37 86 37
77 72 88 72
77 96 85 96
77 107 87 107
77 115 85 115
77 122 87 122
77 124 85 124
77 155 88 155
77 167 84 167
77 190 84 190
77 201 86 201
77 202 87 202
77 204 88 204
77 232 87 232
77 234 85 234
77 239 87 239
78 21 86 21
78 36 87 36
78 48 81 49
78 62 88 62
78 69 87 69
78 106 85 106
78 108 85 108
78 109 85 109
78 111 89 111
78 116 85 116
78 137 86 137
78 139 88 139
78 144 88 144
78 149 87 149
78 163 88 163
78 169 87 169
78 180 86 180
78 186 80 188
78 191 87 191
78 209 86 209
78 217 85 217
78 225 87 225
78 228 81 229
78 230 88 230
78 238 86 238
78 247 86 247
78 248 88 248
79 6 86 6
79 9 86 9
79 11 88 11
79 14 88 14
79 52 83 53
79 55 82 56
79 70 84 71
79 91 87 91
79 101 89 101
79 114 90 114
79 131 88 131
79 132 86 132
79 142 88 142
79 165 90 165
79 170 86 170
79 179 86 179
79 183 86 183
79 197 87 197
79 199 90 199
79 214 89 214
79 216 86 216
79 236 86 236
79 245 87 245
80 24 89 24
80 35 90 35
80 44 91 44
80 51 87 51
80 58 87 58
80 76 90 76
80 83 90 83
80 85 84 86
80 100 90 100
80 117 90 117
80 121 91 121
80 123 87 123
80 136 88 136
80 140 89 140
80 141 90 141
80 145 88 145
80 178 88 178
80 203 88 203
80 207 90 207
80 208 89 208
80 221 85 222
81 19 88 19
81 20 92 20
81 31 88 31
81 33 90 33
81 41 90 41
81 42 89 42
81 59 88 59
81 60 90 60
81 64 91 64
81 66 91 66
81 80 84 81
81 93 89 93
81 95 91 95
81 97 91 97
81 105 91 105
81 113 91 113
81 125 91 125
81 130 89 130
81 156 90 156
81 157 84 158
81 172 88 172
81 173 89 173
81 186 90 186
81 187 90 187
81 206 89 206
81 211 85 212
81 223 90 223
81 231 92 231
81 240 83 243
81 249 91 249
82 15 86 16
82 18 93 18
82 34 92 34
82 48 85 49
82 54 90 54
82 65 92 65
82 67 93 67
82 73 92 73
82 104 89 104
82 127 92 127
82 153 85 154
82 164 91 164
82 166 90 166
82 176 89 176
82 182 92 182
82 194 92 194
82 198 89 198
82 200 92 200
82 210 89 210
82 220 93 220
82 227 89 227
82 228 85 229
83 1 92 1
83 3 86 4
83 12 88 13
83 22 93 22
83 30 92 30
83 55 86 56
83 74 88 75
83 87 91 87
83 89 90 89
83 143 93 143
83 147 90 147
83 150 94 150
83 171 91 171
83 188 93 188
83 193 93 193
83 205 93 205
83 218 86 219
83 224 90 224
83 233 93 233
84 0 95 0
84 17 94 17
84 25 93 25
84 29 92 29
84 39 87 40
84 45 86 47
84 52 91 52
84 53 93 53
84 77 87 78
84 79 91 79
84 84 91 84
84 94 94 94
84 112 93 112
84 118 91 118
84 128 92 128
84 129 95 129
84 135 91 135
84 160 86 162
84 174 87 175
84 181 91 181
84 195 94 195
84 235 94 235
84 237 92 237
84 240 95 240
84 241 91 241
84 242 91 242
84 243 87 244
85 5 92 5
85 7 94 7
85 23 95 23
85 28 96 28
85 50 92 50
85 61 94 61
85 63 94 63
85 70 92 70
85 71 96 71
85 80 94 80
85 81 88 82
85 85 94 85
85 86 93 86
85 88 96 88
85 92 93 92
85 102 89 103
85 133 93 133
85 134 93 134
85 148 95 148
85 157 94 157
85 158 95 158
85 159 93 159
85 167 89 168
85 177 93 177
85 185 95 185
85 190 94 190
85 213 93 213
85 226 94 226
86 8 93 8
86 10 97 10
86 26 93 26
86 27 93 27
86 48 89 49
86 96 95 96
86 98 94 98
86 106 97 106
86 108 93 108
86 109 93 109
86 115 93 115
86 116 94 116
86 120 97 120
86 124 97 124
86 151 89 153
86 154 94 154
86 211 89 212
86 217 97 217
86 221 95 221
86 228 94 228
86 229 93 229
86 234 96 234
86 246 97 246
87 3 90 4
87 6 97 6
87 9 94 9
87 15 92 16
87 21 94 21
87 37 90 38
87 45 95 45
87 46 90 47
87 55 98 55
87 56 94 56
87 90 98 90
87 119 96 119
87 132 97 132
87 137 94 137
87 161 95 161
87 162 94 162
87 170 96 170
87 179 90 180
87 183 91 184
87 189 95 189
87 201 97 201
87 209 97 209
87 216 97 216
87 218 91 219
87 222 98 222
87 236 95 236
87 238 98 238
87 247 96 247
88 2 96 2
88 32 98 32
88 36 95 36
88 39 91 40
88 51 95 51
88 57 92 58
88 69 98 69
88 77 95 77
88 78 95 78
88 91 96 91
88 107 95 107
88 122 91 123
88 126 98 126
88 138 98 138
88 149 97 149
88 169 96 169
88 174 95 174
88 191 92 192
88 197 95 197
88 202 97 202
88 225 98 225
88 232 96 232
88 239 98 239
88 243 92 244
88 245 95 245
89 11 99 11
89 12 99 12
89 13 99 13
89 14 99 14
89 19 99 19
89 31 98 31
89 59 96 59
89 62 100 62
89 72 99 72
89 74 92 75
89 81 100 81
89 82 98 82
89 131 99 131
89 136 99 136
89 139 98 139
89 142 97 142
89 144 97 144
89 145 98 145
89 155 100 155
89 163 99 163
89 172 96 172
89 178 96 178
89 203 94 204
89 230 96 230
89 248 98 248
90 24 100 24
90 42 97 42
90 48 100 48
90 49 98 49
90 93 97 93
90 101 91 104
90 130 99 130
90 140 100 140
90 151 97 151
90 152 99 152
90 153 98 153
90 168 99 168
90 173 100 173
90 175 94 176
90 198 101 198
90 206 98 206
90 208 97 208
90 210 99 210
90 211 99 211
90 212 97 212
90 214 94 215
90 227 99 227
91 3 101 3
91 4 98 4
91 33 98 33
91 35 98 35
91 37 94 38
91 41 99 41
91 46 98 46
91 47 100 47
91 54 98 54
91 60 100 60
91 68 101 68
91 76 102 76
91 83 99 83
91 89 98 89
91 99 94 100
91 111 101 111
91 117 101 117
91 141 98 141
91 146 95 147
91 156 101 156
91 165 93 167
91 180 99 180
91 186 98 186
91 187 101 187
91 199 101 199
91 207 101 207
91 223 95 224
92 39 101 39
92 40 99 40
92 43 97 44
92 52 100 52
92 64 103 64
92 66 100 66
92 79 102 79
92 84 99 84
92 87 101 87
92 95 103 95
92 97 99 97
92 102 99 102
92 103 100 103
92 104 101 104
92 105 100 105
92 113 96 114
92 118 103 118
92 121 94 123
92 125 102 125
92 135 100 135
92 160 103 160
92 164 99 164
92 171 102 171
92 181 99 181
92 183 96 184
92 196 102 196
92 218 99 218
92 219 103 219
92 241 96 242
92 249 103 249
93 1 100 1
93 5 101 5
93 15 98 16
93 29 104 29
93 30 100 30
93 34 103 34
93 50 101 50
93 57 96 58
93 65 102 65
93 70 104 70
93 73 101 73
93 74 100 74
93 75 100 75
93 101 103 101
93 127 100 127
93 128 101 128
93 179 103 179
93 182 103 182
93 191 96 192
93 194 101 194
93 200 103 200
93 231 104 231
93 237 103 237
93 243 96 244
94 8 105 8
94 22 104 22
94 25 98 26
94 27 102 27
94 53 102 53
94 67 105 67
94 86 102 86
94 92 103 92
94 108 96 110
94 112 102 112
94 115 103 115
94 133 98 134
94 143 104 143
94 159 105 159
94 165 105 165
94 166 98 167
94 177 102 177
94 188 104 188
94 193 103 193
94 205 101 205
94 213 105 213
94 229 103 229
94 233 104 233
95 7 105 7
95 9 102 9
95 17 102 17
95 20 100 21
95 37 102 37
95 56 103 56
95 61 106 61
95 63 105 63
95 80 103 80
95 85 103 85
95 94 105 94
95 98 105 98
95 99 98 100
95 116 105 116
95 121 98 123
95 137 102 137
95 154 103 154
95 157 105 157
95 162 105 162
95 175 104 175
95 176 104 176
95 190 106 190
95 195 102 195
95 203 104 203
95 204 105 204
95 214 102 214
95 215 102 215
95 220 105 220
95 226 105 226
95 228 103 228
95 235 104 235
96 23 104 23
96 36 107 36
96 45 103 45
96 51 106 51
96 77 99 78
96 96 106 96
96 107 105 107
96 146 98 148
96 150 106 150
96 158 106 158
96 161 104 161
96 174 103 174
96 185 106 185
96 189 103 189
96 197 103 197
96 221 106 221
96 223 105 223
96 236 104 236
96 245 106 245
97 2 107 2
97 57 100 59
97 88 107 88
97 91 105 91
97 108 105 108
97 110 106 110
97 113 102 114
97 119 107 119
97 129 107 129
97 169 107 169
97 170 105 170
97 172 105 172
97 178 107 178
97 183 100 184
97 191 100 192
97 224 107 224
97 230 104 230
97 232 104 232
97 234 104 234
97 240 98 244
97 247 106 247
98 6 107 6
98 38 109 38
98 42 103 43
98 44 107 44
98 71 108 71
98 93 109 93
98 124 108 124
98 132 108 132
98 142 105 142
98 144 107 144
98 149 108 149
98 151 106 151
98 201 107 201
98 202 105 202
98 208 105 208
98 209 105 209
98 212 105 212
98 216 101 217
99 4 106 4
99 15 107 15
99 25 102 26
99 31 106 31
99 32 103 33
99 35 106 35
99 46 107 46
99 49 110 49
99 54 109 54
99 69 108 69
99 82 107 82
99 89 102 90
99 99 102 100
99 106 109 106
99 109 110 109
99 120 102 121
99 122 108 122
99 123 106 123
99 126 110 126
99 134 107 134
99 138 103 139
99 141 106 141
99 145 110 145
99 146 106 146
99 147 106 147
99 153 109 153
99 166 108 166
99 186 108 186
99 206 108 206
99 225 106 225
99 238 102 239
99 240 102 241
99 242 101 244
99 248 108 248
100 10 101 14
100 16 111 16
100 19 107 19
100 40 110 40
100 41 107 41
100 55 110 55
100 72 108 72
100 77 107 77
100 78 110 78
100 83 110 83
100 84 110 84
100 97 108 97
100 102 108 102
100 130 109 130
100 131 108 131
100 136 110 136
100 152 110 152
100 163 110 163
100 164 107 164
100 167 103 168
100 180 103 181
100 210 104 211
100 218 111 218
100 222 110 222
100 227 108 227
101 0 105 1
101 20 104 21
101 24 110 24
101 28 112 28
101 30 108 30
101 47 104 48
101 52 108 52
101 57 102 60
101 62 112 62
101 66 110 66
101 74 111 74
101 75 111 75
101 103 109 103
101 105 108 105
101 127 110 127
101 135 110 135
101 140 109 140
101 173 111 173
101 183 105 184
101 191 108 191
101 192 109 192
102 3 112 3
102 5 109 5
102 10 103 14
102 39 109 39
102 50 111 50
102 68 111 68
102 73 111 73
102 87 109 87
102 104 111 104
102 111 110 111
102 117 112 117
102 128 111 128
102 155 106 156
102 187 111 187
102 194 112 194
102 199 111 199
102 205 109 205
102 207 109 207
102 216 105 217
102 242 111 242
102 243 110 243
102 244 111 244
102 246 113 246
103 9 111 9
103 17 112 17
103 25 110 25
103 26 112 26
103 27 110 27
103 37 111 37
103 53 110 53
103 57 107 58
103 59 106 60
103 65 113 65
103 76 113 76
103 79 110 79
103 86 110 86
103 89 111 89
103 99 107 100
103 112 105 114
103 120 111 120
103 121 114 121
103 125 110 125
103 137 111 137
103 171 111 171
103 177 114 177
103 195 112 195
103 196 110 196
103 214 108 215
103 238 104 241
104 10 105 14
104 32 112 32
104 33 112 33
104 34 111 34
104 42 107 43
104 45 114 45
104 56 111 56
104 64 115 64
104 80 114 80
104 85 114 85
104 92 113 92
104 95 114 95
104 101 112 101
104 115 112 115
104 133 114 133
104 138 112 138
104 154 112 154
104 167 112 167
104 168 111 168
104 174 113 174
104 179 107 180
104 181 107 182
104 189 111 189
104 193 112 193
104 197 112 197
104 198 114 198
104 200 115 200
104 228 111 228
104 229 113 229
104 237 112 237
105 20 113 20
105 21 112 21
105 22 112 22
105 23 114 23
105 47 109 48
105 81 115 81
105 139 115 139
105 143 115 143
105 160 109 161
105 175 108 176
105 188 114 188
105 203 112 203
105 210 110 211
105 230 108 231
105 232 106 235
105 236 112 236
105 238 107 240
105 241 112 241
106 0 114 0
106 1 116 1
106 7 114 7
106 10 109 12
106 13 113 13
106 14 113 14
106 18 116 18
106 63 116 63
106 90 109 91
106 94 115 94
106 98 116 98
106 107 116 107
106 108 116 108
106 112 115 112
106 113 113 113
106 114 113 114
106 116 115 116
106 142 115 142
106 157 113 157
106 162 114 162
106 170 115 170
106 172 116 172
106 183 109 184
106 202 117 202
106 204 114 204
106 208 116 208
106 209 113 209
106 212 115 212
106 216 111 217
106 219 109 220
106 223 113 223
106 226 113 226
107 4 117 4
107 31 117 31
107 35 114 35
107 51 117 51
107 59 118 59
107 60 111 61
107 96 116 96
107 110 117 110
107 123 115 123
107 141 114 141
107 146 110 147
107 150 110 151
107 156 114 156
107 158 116 158
107 185 115 185
107 190 117 190
107 221 115 221
107 225 115 225
107 232 112 233
107 234 110 235
107 245 115 245
107 247 116 247
108 2 116 2
108 6 116 6
108 15 118 15
108 19 115 19
108 41 111 42
108 43 115 43
108 44 117 44
108 46 116 46
108 57 111 58
108 77 117 77
108 82 117 82
108 88 117 88
108 99 112 100
108 118 118 118
108 119 115 119
108 129 117 129
108 134 118 134
108 144 117 144
108 164 111 165
108 169 119 169
108 178 118 178
108 179 111 180
108 181 116 181
108 182 116 182
108 201 118 201
108 224 117 224
108 239 118 239
108 240 119 240
109 30 118 30
109 52 116 52
109 69 117 69
109 70 114 71
109 72 116 72
109 97 119 97
109 102 119 102
109 105 119 105
109 122 116 122
109 124 116 124
109 131 117 131
109 132 117 132
109 148 114 149
109 159 119 159
109 166 116 166
109 176 117 176
109 186 120 186
109 191 117 191
109 206 117 206
109 213 111 215
109 227 117 227
109 230 117 230
109 231 117 231
109 248 117 248
109 249 119 249
110 5 117 5
110 8 121 8
110 10 121 10
110 36 121 36
110 38 113 39
110 47 118 47
110 54 121 54
110 87 117 87
110 91 117 91
110 93 120 93
110 103 121 103
110 106 119 106
110 130 118 130
110 140 119 140
110 153 120 153
110 160 119 160
110 161 118 161
110 183 117 183
110 184 121 184
110 192 120 192
110 205 117 205
110 207 118 207
110 219 121 219
110 220 118 220
110 238 120 238
111 11 121 11
111 24 114 25
111 27 118 27
111 29 121 29
111 40 121 40
111 49 121 49
111 53 120 53
111 55 121 55
111 66 114 67
111 78 114 79
111 83 118 83
111 84 118 84
111 86 120 86
111 111 120 111
111 125 113 127
111 135 121 135
111 136 119 136
111 145 114 146
111 147 119 147
111 150 114 151
111 152 118 152
111 163 121 163
111 175 121 175
111 196 121 196
111 210 118 210
111 211 120 211
111 222 120 222
111 234 115 235
111 243 119 243
112 9 122 9
112 34 119 34
112 37 119 37
112 41 115 42
112 48 122 48
112 50 120 50
112 56 119 56
112 57 121 57
112 60 115 61
112 68 121 68
112 73 114 75
112 89 120 89
112 104 119 104
112 120 122 120
112 128 123 128
112 137 122 137
112 155 122 155
112 164 121 164
112 165 119 165
112 168 122 168
112 171 120 171
112 173 120 173
112 179 115 180
112 187 120 187
112 189 121 189
112 199 122 199
112 213 119 213
112 214 120 214
112 215 113 218
112 228 121 228
112 242 119 242
112 244 121 244
113 3 120 3
113 16 118 17
113 21 116 22
113 26 120 26
113 32 118 33
113 58 123 58
113 62 123 62
113 99 120 99
113 100 122 100
113 101 120 101
113 115 120 115
113 117 122 117
113 138 122 138
113 154 120 154
113 167 123 167
113 193 122 193
113 194 123 194
113 195 123 195
113 197 123 197
113 203 121 203
113 232 121 232
113 233 120 233
113 236 116 237
113 241 122 241
114 13 121 13
114 14 123 14
114 20 122 20
114 38 121 38
114 39 123 39
114 65 124 65
114 76 121 76
114 92 123 92
114 109 125 109
114 113 123 113
114 114 123 114
114 125 116 127
114 157 122 157
114 174 125 174
114 209 123 209
114 215 115 218
114 223 121 223
114 226 121 226
114 229 125 229
114 246 125 246
115 0 126 0
115 7 124 7
115 23 117 25
115 35 126 35
115 45 122 45
115 66 118 67
115 71 124 71
115 73 119 74
115 75 124 75
115 78 125 78
115 80 125 80
115 85 125 85
115 95 123 95
115 133 123 133
115 141 125 141
115 145 122 145
115 148 124 148
115 149 126 149
115 150 118 151
115 156 123 156
115 162 122 162
115 188 126 188
115 198 123 198
115 204 125 204
116 19 124 19
116 41 119 42
116 43 125 43
116 60 120 61
116 81 127 81
116 94 123 94
116 112 125 112
116 116 126 116
116 119 124 119
116 123 124 123
116 139 125 139
116 142 119 143
116 146 126 146
116 170 126 170
116 179 125 179
116 180 124 180
116 185 123 185
116 200 126 200
116 212 123 212
116 216 125 216
116 217 124 217
116 218 123 218
116 221 123 221
116 225 126 225
116 234 119 235
116 245 123 245
117 1 121 2
117 6 128 6
117 18 124 18
117 21 121 22
117 28 127 28
117 46 125 46
117 52 126 52
117 63 127 63
117 64 127 64
117 72 124 72
117 96 125 96
117 98 124 98
117 107 120 108
117 121 122 122
117 124 124 124
117 125 126 125
117 126 125 126
117 127 125 127
117 158 126 158
117 166 127 166
117 172 126 172
117 177 127 177
117 181 120 182
117 208 125 208
117 215 127 215
117 236 125 236
117 237 128 237
117 247 125 247
118 4 121 5
118 23 120 25
118 31 128 31
118 44 125 44
118 51 127 51
118 69 121 70
118 77 129 77
118 82 128 82
118 87 125 87
118 88 126 88
118 90 121 91
118 110 126 110
118 129 126 129
118 131 125 131
118 132 127 132
118 144 129 144
118 176 126 176
118 183 126 183
118 190 128 190
118 191 126 191
118 205 121 206
118 224 125 224
118 227 125 227
118 230 126 230
118 231 129 231
118 248 128 248
119 15 128 15
119 16 128 16
119 27 129 27
119 30 130 30
119 47 126 47
119 59 129 59
119 66 126 66
119 67 126 67
119 79 129 79
119 83 126 83
119 84 127 84
119 118 126 118
119 130 128 130
119 134 126 134
119 150 127 150
119 151 122 152
119 161 126 161
119 178 129 178
119 201 126 201
119 207 128 207
119 210 126 210
119 220 129 220
119 239 127 239
120 34 129 34
120 37 128 37
120 41 129 41
120 42 130 42
120 56 129 56
120 73 124 74
120 97 128 97
120 102 130 102
120 104 124 105
120 106 127 106
120 136 127 136
120 140 127 140
120 142 123 143
120 147 130 147
120 159 123 160
120 165 129 165
120 202 130 202
120 213 128 213
120 234 129 234
120 235 128 235
120 242 127 242
120 243 130 243
120 249 128 249
121 3 128 3
121 24 132 24
121 25 125 26
121 50 129 50
121 53 129 53
121 60 130 60
121 61 130 61
121 86 130 86
121 89 129 89
121 93 131 93
121 99 129 99
121 101 128 101
121 107 129 107
121 108 130 108
121 111 132 111
121 115 132 115
121 153 125 154
121 171 128 171
121 173 130 173
121 181 130 181
121 182 131 182
121 186 131 186
121 187 129 187
121 192 131 192
121 211 131 211
121 214 129 214
121 222 132 222
121 233 131 233
121 238 130 238
122 1 133 1
122 2 129 2
122 4 130 4
122 5 131 5
122 8 132 8
122 10 124 12
122 13 132 13
122 21 131 21
122 29 130 29
122 38 131 38
122 40 131 40
122 49 129 49
122 54 126 55
122 57 130 57
122 68 126 69
122 76 129 76
122 90 125 91
122 103 132 103
122 135 130 135
122 163 127 164
122 175 130 175
122 189 129 189
122 196 132 196
122 203 130 203
122 205 125 206
122 219 132 219
122 223 129 223
122 226 130 226
122 228 132 228
122 232 131 232
122 240 132 240
122 244 133 244
123 9 130 9
123 20 130 20
123 45 130 45
123 48 133 48
123 70 133 70
123 100 130 100
123 117 132 117
123 120 134 120
123 121 127 122
123 137 126 138
123 145 130 145
123 151 127 152
123 155 131 155
123 157 132 157
123 162 130 162
123 168 130 168
123 193 130 193
123 199 131 199
123 241 132 241
124 14 135 14
124 23 135 23
124 32 135 32
124 39 131 39
124 58 134 58
124 62 132 62
124 92 131 92
124 94 134 94
124 95 132 95
124 113 131 113
124 114 131 114
124 133 133 133
124 142 134 142
124 143 134 143
124 156 135 156
124 159 132 159
124 160 131 160
124 167 131 167
124 184 127 185
124 194 127 195
124 197 128 198
124 209 132 209
124 212 135 212
124 218 132 218
124 221 131 221
124 245 135 245
125 7 133 7
125 10 134 10
125 11 132 11
125 17 127 19
125 22 135 22
125 65 135 65
125 71 134 71
125 72 135 72
125 73 128 74
125 75 133 75
125 98 132 98
125 104 134 104
125 119 136 119
125 123 130 124
125 128 135 128
125 148 132 148
125 180 134 180
125 217 132 217
126 25 135 25
126 26 133 26
126 36 136 36
126 43 135 43
126 44 135 44
126 46 134 46
126 78 137 78
126 80 133 80
126 85 133 85
126 87 136 87
126 90 134 90
126 91 134 91
126 96 135 96
126 112 136 112
126 126 133 126
126 127 134 127
126 131 135 131
126 139 133 139
126 141 134 141
126 153 130 154
126 169 137 169
126 174 137 174
126 179 133 179
126 204 130 205
126 208 136 208
126 216 133 216
126 224 134 224
126 227 135 227
126 236 136 236
126 246 131 247
127 47 137 47
127 52 136 52
127 54 135 54
127 66 128 69
127 83 134 83
127 88 136 88
127 109 131 110
127 116 137 116
127 118 137 118
127 125 135 125
127 129 135 129
127 134 137 134
127 137 134 137
127 146 135 146
127 149 137 149
127 158 136 158
127 161 134 161
127 170 137 170
127 172 137 172
127 176 137 176
127 183 134 183
127 191 134 191
127 200 130 201
127 210 134 210
127 225 134 225
127 230 137 230
128 0 138 0
128 17 131 19
128 28 138 28
128 35 139 35
128 51 135 51
128 63 136 63
128 64 138 64
128 84 138 84
128 105 132 106
128 121 136 121
128 132 135 132
128 136 136 136
128 138 138 138
128 140 135 140
128 150 139 150
128 151 132 152
128 163 132 164
128 166 138 166
128 177 136 177
128 184 132 185
128 188 138 188
128 195 137 195
128 206 138 206
128 215 135 215
128 229 138 229
128 239 135 239
128 242 138 242
129 3 136 3
129 15 139 15
129 16 137 16
129 31 136 31
129 37 136 37
129 55 140 55
129 66 134 67
129 68 134 69
129 74 138 74
129 82 137 82
129 97 136 97
129 101 138 101
129 122 139 122
129 130 138 130
129 171 137 171
129 190 137 190
129 198 139 198
129 207 140 207
129 213 137 213
129 235 136 235
129 248 133 249
130 2 138 2
130 27 138 27
130 34 139 34
130 41 139 41
130 49 138 49
130 50 141 50
130 53 138 53
130 56 137 56
130 59 138 59
130 73 141 73
130 76 133 77
130 79 140 79
130 89 139 89
130 99 139 99
130 107 139 107
130 165 140 165
130 178 140 178
130 187 137 187
130 189 138 189
130 197 141 197
130 214 137 214
130 220 137 220
130 223 140 223
130 234 137 234
131 4 138 4
131 6 141 6
131 9 139 9
131 20 141 20
131 29 134 30
131 42 141 42
131 45 140 45
131 57 140 57
131 60 139 60
131 61 139 61
131 86 139 86
131 100 139 100
131 102 140 102
131 108 141 108
131 123 135 124
131 135 138 135
131 144 134 145
131 147 141 147
131 153 139 153
131 154 139 154
131 162 142 162
131 168 138 168
131 173 139 173
131 175 140 175
131 181 142 181
131 193 138 193
131 200 138 200
131 201 132 204
131 205 140 205
131 226 142 226
131 231 142 231
131 238 142 238
131 243 142 243
132 5 141 5
132 17 134 19
132 21 143 21
132 38 139 38
132 39 135 40
132 92 135 93
132 109 142 109
132 113 140 113
132 114 141 114
132 155 141 155
132 160 140 160
132 167 139 167
132 182 142 182
132 186 139 186
132 192 140 192
132 194 142 194
132 199 143 199
132 211 139 211
132 221 139 221
132 232 136 233
132 246 139 246
132 247 139 247
133 8 144 8
133 11 140 11
133 12 137 13
133 24 143 24
133 62 143 62
133 95 141 95
133 98 143 98
133 103 140 103
133 105 144 105
133 106 142 106
133 117 142 117
133 148 140 148
133 151 143 151
133 157 141 157
133 159 144 159
133 163 137 164
133 184 141 184
133 185 143 185
133 196 140 196
133 201 142 201
133 202 140 202
133 203 143 203
133 204 144 204
133 209 143 209
133 217 137 218
133 219 144 219
133 228 140 228
133 240 136 241
134 7 141 7
134 26 143 26
134 48 142 48
134 70 143 70
134 75 141 75
134 76 139 77
134 80 142 80
134 85 142 85
134 110 139 111
134 115 145 115
134 126 144 126
134 133 141 133
134 139 141 139
134 152 144 152
134 179 145 179
134 216 141 216
134 244 145 244
134 249 145 249
135 1 145 1
135 10 142 10
135 17 144 17
135 18 138 19
135 29 138 30
135 46 145 46
135 58 143 58
135 66 142 66
135 67 145 67
135 68 144 68
135 69 143 69
135 71 143 71
135 83 145 83
135 90 139 91
135 94 145 94
135 104 145 104
135 120 146 120
135 127 145 127
135 137 142 137
135 141 143 141
135 142 138 143
135 144 143 144
135 161 142 161
135 180 142 180
135 183 142 183
135 191 143 191
135 210 143 210
135 222 145 222
135 224 139 225
136 14 146 14
136 22 145 22
136 25 146 25
136 39 140 40
136 43 139 44
136 51 143 51
136 54 144 54
136 65 143 65
136 72 145 72
136 92 144 92
136 93 145 93
136 96 146 96
136 123 138 125
136 128 145 128
136 129 147 129
136 131 143 131
136 132 143 132
136 140 143 140
136 145 141 146
136 212 146 212
136 215 145 215
136 227 143 227
136 239 144 239
136 248 146 248
137 3 147 3
137 31 144 31
137 36 140 37
137 52 146 52
137 63 146 63
137 87 140 88
137 97 146 97
137 112 144 112
137 119 147 119
137 121 146 121
137 136 147 136
137 158 145 158
137 177 147 177
137 208 144 208
137 232 147 232
137 233 147 233
137 235 142 236
137 240 140 241
138 12 148 12
138 13 147 13
138 16 145 16
138 23 148 23
138 47 148 47
138 56 146 56
138 82 147 82
138 116 147 116
138 118 146 118
138 134 148 134
138 149 149 149
138 163 147 163
138 164 146 164
138 169 140 171
138 172 148 172
138 176 148 176
138 187 147 187
138 190 149 190
138 195 148 195
138 213 149 213
138 214 147 214
138 217 142 218
138 220 145 220
138 230 145 230
138 234 145 234
139 0 148 0
139 2 148 2
139 4 147 4
139 18 148 18
139 19 146 19
139 27 148 27
139 28 141 30
139 32 150 32
139 49 147 49
139 53 149 53
139 59 146 59
139 64 146 64
139 74 149 74
139 84 150 84
139 101 148 101
139 123 142 124
139 125 146 125
139 130 149 130
139 135 146 135
139 138 148 138
139 142 143 143
139 166 148 166
139 168 149 168
139 188 147 188
139 189 149 189
139 193 149 193
139 200 149 200
139 206 147 206
139 229 149 229
139 237 150 237
139 242 149 242
140 9 148 9
140 15 147 15
140 33 145 34
140 38 147 38
140 41 150 41
140 43 144 44
140 60 147 60
140 61 151 61
140 76 143 78
140 86 147 86
140 89 143 90
140 99 148 99
140 100 148 100
140 107 147 107
140 122 148 122
140 153 148 153
140 154 149 154
140 167 147 167
140 173 147 173
140 186 151 186
140 198 148 198
140 211 150 211
140 221 151 221
140 224 149 224
140 225 147 225
140 245 142 247
141 11 150 11
141 35 144 37
141 39 149 39
141 40 150 40
141 45 149 45
141 57 148 57
141 79 148 79
141 87 144 88
141 102 145 103
141 113 149 113
141 148 150 148
141 160 149 160
141 165 148 165
141 169 143 171
141 175 149 175
141 178 150 178
141 192 148 192
141 196 149 196
141 202 151 202
141 205 148 205
141 223 149 223
141 228 149 228
141 240 144 241
142 5 147 6
142 7 151 7
142 20 153 20
142 28 147 29
142 30 151 30
142 42 150 42
142 75 152 75
142 95 150 95
142 108 152 108
142 111 152 111
142 114 153 114
142 133 149 133
142 139 151 139
142 145 146 146
142 147 151 147
142 155 145 157
142 184 153 184
142 216 152 216
143 10 150 10
143 48 151 48
143 66 151 66
143 80 150 80
143 85 151 85
143 91 154 91
143 106 150 106
143 109 150 109
143 117 152 117
143 124 152 124
143 137 152 137
143 161 150 161
143 162 153 162
143 174 153 174
143 180 146 181
143 182 151 182
143 183 150 183
143 194 150 194
143 201 154 201
143 217 151 217
143 218 150 218
143 226 153 226
143 235 153 235
143 236 153 236
143 245 146 247
144 21 154 21
144 24 153 24
144 26 151 26
144 50 148 51
144 58 153 58
144 62 152 62
144 65 152 65
144 69 146 71
144 73 154 73
144 76 148 77
144 78 155 78
144 89 155 89
144 98 154 98
144 131 153 131
144 132 153 132
144 140 151 140
144 141 147 142
144 143 147 144
144 150 154 150
144 151 151 151
144 171 152 171
144 185 153 185
144 191 151 191
144 203 153 203
144 209 148 210
144 227 153 227
145 17 153 17
145 31 152 31
145 35 149 36
145 37 153 37
145 43 152 43
145 54 150 55
145 68 152 68
145 81 155 81
145 87 152 87
145 88 155 88
145 92 153 92
145 112 152 112
145 123 156 123
145 126 155 126
145 152 154 152
145 207 149 208
145 219 155 219
145 238 147 240
145 241 152 241
146 1 153 1
146 16 153 16
146 22 153 22
146 33 157 33
146 34 154 34
146 44 156 44
146 46 156 46
146 67 156 67
146 72 155 72
146 83 153 83
146 93 149 94
146 102 149 103
146 104 154 104
146 127 149 128
146 155 148 158
146 159 156 159
146 169 156 169
146 204 156 204
146 215 155 215
146 220 156 220
146 222 154 222
146 230 150 231
146 234 153 234
147 14 155 14
147 19 156 19
147 25 154 25
147 52 155 52
147 56 157 56
147 59 155 59
147 63 154 63
147 64 156 64
147 69 150 70
147 71 157 71
147 96 151 97
147 118 156 118
147 120 151 121
147 125 156 125
147 135 154 135
147 145 155 145
147 146 155 146
147 164 156 164
147 179 149 181
147 212 158 212
147 243 157 243
147 244 148 249
148 3 151 4
148 5 156 5
148 6 155 6
148 13 157 13
148 15 156 15
148 28 155 28
148 29 155 29
148 38 155 38
148 49 158 49
148 60 155 60
148 82 159 82
148 86 159 86
148 90 159 90
148 107 156 107
148 115 158 115
148 116 155 116
148 119 156 119
148 136 155 136
148 141 159 141
148 142 155 142
148 143 151 144
148 163 156 163
148 167 157 167
148 173 159 173
148 177 158 177
148 187 155 187
148 188 155 188
148 206 156 206
148 214 155 214
148 225 156 225
148 232 155 232
148 233 156 233
148 238 150 240
149 0 160 0
149 2 158 2
149 9 157 9
149 12 157 12
149 18 159 18
149 23 157 23
149 27 158 27
149 47 158 47
149 50 157 50
149 57 156 57
149 76 160 76
149 79 157 79
149 99 151 101
149 110 159 110
149 122 159 122
149 129 160 129
149 134 159 134
149 138 157 138
149 153 159 153
149 155 157 155
149 156 151 158
149 165 159 165
149 166 156 166
149 172 157 172
149 176 157 176
149 192 158 192
149 195 157 195
149 197 153 198
149 199 159 199
149 205 159 205
149 209 152 210
149 244 150 247
149 248 156 248
149 249 159 249
150 8 160 8
150 35 153 36
150 39 157 39
150 45 157 45
150 53 160 53
150 74 157 74
150 93 154 94
150 102 158 102
150 103 158 103
150 105 160 105
150 113 157 113
150 127 157 127
150 128 158 128
150 130 157 130
150 133 158 133
150 154 161 154
150 160 158 160
150 168 157 168
150 175 157 175
150 179 158 179
150 180 161 180
150 189 157 189
150 193 158 193
150 196 157 196
150 200 159 200
150 207 155 208
150 223 155 224
150 228 157 228
150 229 158 229
150 242 160 242
151 10 154 11
151 32 161 32
151 40 153 42
151 51 161 51
151 54 156 55
151 69 159 69
151 70 162 70
151 80 158 80
151 84 161 84
151 95 161 95
151 106 158 106
151 109 158 109
151 148 160 148
151 161 158 161
151 170 161 170
151 178 159 178
151 183 159 183
151 190 161 190
151 194 158 194
151 211 160 211
151 218 160 218
151 230 158 230
151 231 159 231
151 237 154 238
151 239 160 239
151 240 160 240
151 244 152 247
152 3 159 3
152 4 161 4
152 7 159 7
152 26 160 26
152 30 159 30
152 48 162 48
152 61 162 61
152 66 162 66
152 85 159 85
152 96 155 97
152 99 160 99
152 100 161 100
152 101 161 101
152 120 157 121
152 139 155 140
152 143 159 143
152 147 160 147
152 151 159 151
152 156 160 156
152 157 160 157
152 158 159 158
152 181 156 182
152 191 161 191
152 202 161 202
152 213 162 213
152 217 162 217
153 31 161 31
153 43 163 43
153 62 160 62
153 65 162 65
153 68 162 68
153 75 160 75
153 87 161 87
153 108 161 108
153 111 156 112
153 117 160 117
153 124 164 124
153 137 162 137
153 149 164 149
153 171 161 171
153 209 157 210
153 216 161 216
153 241 162 241
153 244 156 245
153 246 156 247
154 1 162 1
154 16 159 17
154 22 161 22
154 24 165 24
154 35 159 36
154 37 163 37
154 41 165 41
154 58 164 58
154 77 164 77
154 83 164 83
154 92 164 92
154 131 157 132
154 162 161 162
154 174 164 174
154 184 156 186
154 197 157 198
154 203 163 203
154 221 164 221
154 226 161 226
154 227 163 227
154 234 162 234
154 235 163 235
154 236 163 236
155 10 164 10
155 11 164 11
155 20 159 21
155 25 163 25
155 34 163 34
155 40 165 40
155 63 163 63
155 73 163 73
155 93 163 93
155 94 162 94
155 98 163 98
155 104 163 104
155 114 165 114
155 135 164 135
155 150 164 150
155 152 165 152
155 222 162 222
155 237 162 237
155 238 162 238
156 6 165 6
156 14 167 14
156 28 160 29
156 38 163 38
156 52 166 52
156 59 163 59
156 60 163 60
156 72 163 72
156 81 164 81
156 88 164 88
156 89 166 89
156 96 166 96
156 97 163 97
156 116 164 116
156 126 163 126
156 136 165 136
156 139 160 140
156 142 163 142
156 144 166 144
156 145 160 146
156 187 159 188
156 207 165 207
156 208 165 208
156 214 160 215
156 219 163 219
156 224 165 224
156 232 165 232
157 5 168 5
157 15 167 15
157 19 164 19
157 44 164 44
157 46 164 46
157 54 160 55
157 57 164 57
157 64 164 64
157 67 168 67
157 107 164 107
157 111 161 112
157 118 160 119
157 125 164 125
157 159 166 159
157 163 160 164
157 166 165 166
157 169 168 169
157 181 164 181
157 182 164 182
157 185 164 185
157 204 166 204
157 206 166 206
157 220 165 220
157 225 166 225
157 233 166 233
157 244 164 244
157 245 168 245
157 246 164 246
157 247 160 248
158 9 167 9
158 12 168 12
158 13 168 13
158 23 165 23
158 39 167 39
158 45 168 45
158 50 165 50
158 56 166 56
158 71 167 71
158 74 166 74
158 78 163 79
158 91 168 91
158 113 167 113
158 120 167 120
158 121 167 121
158 127 165 127
158 130 165 130
158 131 162 132
158 138 167 138
158 155 166 155
158 167 165 167
158 168 167 168
158 172 169 172
158 175 167 175
158 176 167 176
158 189 165 189
158 195 166 195
158 196 167 196
158 197 167 197
158 209 163 210
158 228 168 228
158 243 167 243
159 2 169 2
159 27 166 27
159 47 168 47
159 49 168 49
159 80 166 80
159 102 166 102
159 103 166 103
159 106 166 106
159 109 170 109
159 115 169 115
159 128 166 128
159 133 167 133
159 160 166 160
159 161 166 161
159 177 166 177
159 179 166 179
159 192 170 192
159 193 162 194
159 223 169 223
159 229 167 229
159 230 166 230
160 3 170 3
160 7 168 7
160 16 167 16
160 17 165 18
160 20 164 21
160 30 167 30
160 35 165 36
160 69 168 69
160 82 170 82
160 85 167 85
160 110 170 110
160 122 163 123
160 134 168 134
160 143 168 143
160 151 168 151
160 153 169 153
160 158 170 158
160 165 167 165
160 178 168 178
160 183 163 184
160 186 170 186
160 187 168 187
160 188 168 188
160 198 161 201
160 205 167 205
160 231 168 231
160 249 167 249
161 0 171 0
161 8 169 8
161 26 172 26
161 28 164 29
161 42 171 42
161 53 164 54
161 55 169 55
161 62 168 62
161 75 168 75
161 99 168 99
161 105 171 105
161 117 169 117
161 118 171 118
161 119 171 119
161 139 171 139
161 145 168 145
161 146 168 146
161 147 164 148
161 156 165 157
161 163 170 163
161 211 170 211
161 214 168 214
161 215 169 215
161 218 168 218
161 239 165 240
161 242 168 242
161 247 171 247
161 248 169 248
162 4 172 4
162 22 169 22
162 31 166 32
162 51 170 51
162 84 173 84
162 86 167 87
162 95 169 95
162 100 165 101
162 108 172 108
162 111 166 112
162 162 169 162
162 164 172 164
162 170 172 170
162 171 172 171
162 190 169 190
162 191 169 191
162 198 172 198
162 199 169 199
162 200 172 200
162 202 169 202
162 216 172 216
162 226 172 226
163 1 173 1
163 48 174 48
163 61 171 61
163 65 168 66
163 68 173 68
163 70 173 70
163 90 173 90
163 94 174 94
163 131 167 132
163 137 172 137
163 193 171 193
163 194 170 194
163 213 170 213
163 217 170 217
163 222 171 222
163 234 172 234
163 237 173 237
163 238 171 238
163 241 174 241
164 25 175 25
164 33 169 34
164 37 169 38
164 43 174 43
164 59 169 60
164 63 171 63
164 72 167 73
164 76 174 76
164 78 167 79
164 93 173 93
164 97 172 97
164 98 174 98
164 104 171 104
164 122 167 123
164 126 172 126
164 141 174 141
164 142 171 142
164 183 171 183
164 184 174 184
164 203 175 203
164 209 167 210
164 219 171 219
164 227 175 227
164 235 167 236
165 10 169 11
165 19 173 19
165 20 170 21
165 28 174 28
165 29 174 29
165 44 175 44
165 46 174 46
165 53 172 53
165 54 175 54
165 57 174 57
165 58 173 58
165 64 175 64
165 77 175 77
165 81 174 81
165 83 175 83
165 88 173 88
165 92 173 92
165 107 172 107
165 116 174 116
165 125 174 125
165 135 172 135
165 147 172 147
165 148 172 148
165 149 170 150
165 173 169 174
165 180 167 182
165 185 174 185
165 221 173 221
165 244 176 244
165 246 175 246
166 6 176 6
166 17 170 18
166 23 169 24
166 35 169 36
166 40 174 40
166 50 174 50
166 100 169 101
166 114 174 114
166 127 173 127
166 129 169 130
166 136 176 136
166 152 176 152
166 156 169 157
166 166 175 166
166 167 173 167
166 189 175 189
166 201 176 201
166 207 170 208
166 220 173 220
166 224 175 224
166 232 174 232
166 239 170 240
167 27 175 27
167 31 171 32
167 52 178 52
167 56 175 56
167 74 177 74
167 80 174 80
167 89 174 89
167 96 174 96
167 102 174 102
167 103 175 103
167 106 175 106
167 111 170 112
167 128 174 128
167 144 177 144
167 155 174 155
167 159 170 160
167 161 177 161
167 177 175 177
167 179 175 179
167 195 177 195
167 204 175 204
167 206 177 206
167 212 177 212
167 225 178 225
167 230 175 230
167 233 177 233
168 9 176 9
168 14 171 16
168 30 175 30
168 39 178 39
168 71 176 71
168 72 175 72
168 73 175 73
168 78 176 78
168 79 177 79
168 85 176 85
168 86 177 86
168 87 177 87
168 113 176 113
168 120 171 121
168 122 172 123
168 131 178 131
168 132 171 133
168 138 178 138
168 165 176 165
168 168 178 168
168 175 175 175
168 176 175 176
168 180 178 180
168 182 176 182
168 196 178 196
168 197 179 197
168 205 176 205
168 209 177 209
168 229 175 229
168 235 175 235
168 236 175 236
168 243 176 243
168 249 178 249
169 7 177 7
169 12 177 12
169 13 177 13
169 45 179 45
169 47 176 47
169 49 177 49
169 62 177 62
169 65 172 67
169 69 179 69
169 75 179 75
169 91 176 91
169 99 177 99
169 134 177 134
169 143 179 143
169 145 172 146
169 151 176 151
169 178 180 178
169 181 179 181
169 187 178 187
169 188 176 188
169 214 178 214
169 218 180 218
169 228 176 228
169 231 177 231
169 242 176 242
170 2 181 2
170 8 177 8
170 10 177 10
170 11 178 11
170 22 172 24
170 33 171 37
170 38 179 38
170 41 180 41
170 55 177 55
170 59 178 59
170 60 179 60
170 95 181 95
170 100 173 101
170 115 177 115
170 117 180 117
170 129 174 130
170 153 174 154
170 156 177 156
170 157 177 157
170 162 177 162
170 172 174 173
170 190 179 190
170 191 178 191
170 199 179 199
170 202 177 202
170 215 177 215
170 223 177 223
170 248 178 248
171 3 179 3
171 17 176 18
171 20 176 21
171 51 181 51
171 82 179 82
171 109 176 110
171 111 178 111
171 124 181 124
171 149 180 149
171 150 180 150
171 158 174 160
171 163 181 163
171 169 182 169
171 186 178 186
171 194 182 194
171 207 175 208
171 211 179 211
171 213 180 213
171 217 180 217
171 239 176 240
172 0 180 0
172 14 174 16
172 31 175 32
172 33 173 37
172 42 179 42
172 61 179 61
172 63 180 63
172 104 180 104
172 105 182 105
172 118 174 120
172 132 177 133
172 139 179 139
172 142 182 142
172 174 182 174
172 183 179 183
172 192 177 193
172 219 180 219
172 222 182 222
172 238 179 238
172 245 182 245
172 247 182 247
173 4 181 4
173 22 175 24
173 26 183 26
173 53 183 53
173 65 182 65
173 66 182 66
173 97 180 97
173 107 177 108
173 121 176 123
173 126 181 126
173 135 180 135
173 137 182 137
173 145 182 145
173 146 180 146
173 147 180 147
173 148 184 148
173 164 180 164
173 170 178 171
173 198 183 198
173 200 180 200
173 216 180 216
173 226 184 226
173 234 180 234
174 1 185 1
174 5 184 5
174 19 182 19
174 33 175 37
174 58 182 58
174 67 178 68
174 70 184 70
174 88 183 88
174 90 181 90
174 92 182 92
174 93 184 93
174 100 181 100
174 101 181 101
174 112 184 112
174 127 181 127
174 167 183 167
174 220 182 220
174 221 183 221
174 237 184 237
175 14 178 15
175 16 182 16
175 28 179 29
175 40 183 40
175 43 184 43
175 46 184 46
175 50 185 50
175 57 185 57
175 76 182 76
175 80 183 80
175 81 183 81
175 89 182 89
175 96 182 96
175 98 184 98
175 102 184 102
175 114 183 114
175 116 182 116
175 118 184 118
175 119 184 119
175 120 184 120
175 125 182 125
175 128 182 128
175 129 185 129
175 130 182 130
175 141 186 141
175 153 178 155
175 158 178 159
175 160 186 160
175 172 185 172
175 173 182 173
175 184 179 185
175 232 184 232
176 22 179 24
176 27 183 27
176 30 183 30
176 31 183 31
176 32 180 33
176 34 177 37
176 44 184 44
176 54 184 54
176 56 183 56
176 64 184 64
176 72 180 73
176 77 186 77
176 83 183 83
176 103 186 103
176 106 184 106
176 166 187 166
176 175 179 176
176 177 186 177
176 179 183 179
176 189 185 189
176 203 181 204
176 207 179 208
176 210 186 210
176 224 184 224
176 229 185 229
176 230 185 230
176 235 185 235
176 236 185 236
176 246 185 246
177 6 185 6
177 9 187 9
177 17 182 18
177 20 184 20
177 47 184 47
177 48 187 48
177 71 185 71
177 78 186 78
177 84 180 85
177 91 186 91
177 94 187 94
177 110 186 110
177 113 184 113
177 121 185 121
177 122 184 122
177 123 185 123
177 136 188 136
177 151 185 151
177 152 186 152
177 165 184 165
177 182 187 182
177 188 187 188
177 201 186 201
177 205 185 205
177 227 180 228
177 239 185 239
177 240 178 244
178 7 181 8
178 10 186 10
178 12 181 13
178 34 180 36
178 49 188 49
178 55 186 55
178 62 187 62
178 74 189 74
178 79 186 79
178 86 185 86
178 87 188 87
178 99 189 99
178 107 180 109
178 115 186 115
178 132 181 134
178 144 187 144
178 156 186 156
178 157 186 157
178 161 183 162
178 192 187 192
178 193 187 193
178 195 185 195
178 202 187 202
178 206 185 206
178 209 185 209
178 212 186 212
178 215 188 215
178 223 185 223
178 231 186 231
178 233 187 233
179 11 186 11
179 14 184 15
179 37 189 37
179 39 186 39
179 59 190 59
179 67 182 68
179 111 189 111
179 131 188 131
179 138 189 138
179 153 189 153
179 154 187 154
179 158 183 159
179 168 190 168
179 170 184 171
179 180 186 180
179 186 186 186
179 187 189 187
179 191 187 191
179 196 186 196
179 214 187 214
179 240 186 240
179 241 180 244
179 248 182 249
180 3 188 3
180 21 181 25
180 28 183 29
180 38 191 38
180 42 187 42
180 45 189 45
180 60 183 61
180 69 190 69
180 75 188 75
180 82 187 82
180 139 187 139
180 143 187 143
180 176 190 176
180 181 190 181
180 183 189 183
180 184 183 185
180 190 187 190
180 197 191 197
180 199 191 199
180 207 188 207
180 208 189 208
180 211 191 211
180 238 191 238
181 0 191 0
181 32 184 33
181 34 189 34
181 35 184 36
181 41 192 41
181 63 189 63
181 72 184 73
181 84 185 85
181 97 188 97
181 104 192 104
181 107 185 108
181 109 189 109
181 117 192 117
181 135 191 135
181 146 184 147
181 149 186 150
181 164 188 164
181 178 191 178
181 200 188 200
181 213 190 213
181 216 188 216
181 217 183 219
181 227 191 227
181 228 191 228
181 234 190 234
181 241 182 244
182 4 189 4
182 7 186 8
182 12 191 12
182 13 191 13
182 21 183 25
182 51 193 51
182 90 192 90
182 100 186 101
182 124 191 124
182 126 191 126
182 127 193 127
182 133 187 134
182 140 192 140
182 163 189 163
182 203 189 203
182 204 189 204
183 16 184 19
183 58 190 58
183 65 186 67
183 76 194 76
183 89 192 89
183 92 192 92
183 96 194 96
183 105 192 105
183 116 190 116
183 125 191 125
183 128 193 128
183 130 194 130
183 137 194 137
183 142 194 142
183 145 190 145
183 173 185 175
183 220 193 220
183 222 193 222
183 241 190 241
183 242 185 244
183 245 194 245
183 247 185 249
184 21 186 23
184 24 185 29
184 30 187 31
184 40 194 40
184 52 187 53
184 56 195 56
184 60 194 60
184 61 194 61
184 80 188 81
184 83 195 83
184 88 195 88
184 95 194 95
184 114 195 114
184 132 195 132
184 158 194 158
184 159 194 159
184 161 187 162
184 167 194 167
184 169 194 169
184 179 195 179
184 184 192 184
184 185 192 185
184 198 193 198
184 217 195 217
184 218 189 219
184 221 193 221
185 5 195 5
185 14 188 15
185 16 186 19
185 20 194 20
185 32 193 32
185 33 193 33
185 35 196 35
185 43 188 44
185 46 188 47
185 54 195 54
185 64 192 64
185 70 196 70
185 72 190 73
185 93 192 93
185 98 196 98
185 102 196 102
185 106 192 106
185 112 189 113
185 118 188 119
185 120 195 120
185 122 195 122
185 146 187 148
185 165 192 165
185 170 194 170
185 224 196 224
185 232 194 232
185 237 196 237
186 6 195 6
186 24 188 27
186 28 191 29
186 50 193 50
186 57 197 57
186 71 197 71
186 84 188 86
186 107 195 107
186 108 195 108
186 121 195 121
186 123 195 123
186 129 197 129
186 151 197 151
186 171 187 175
186 189 197 189
186 195 193 195
186 205 197 205
186 206 197 206
186 209 197 209
186 223 196 223
186 225 197 225
186 226 197 226
186 229 191 230
186 235 197 235
186 236 197 236
186 239 193 239
186 242 190 243
186 244 196 244
186 246 189 247
186 248 194 248
186 249 194 249
187 7 195 7
187 10 191 11
187 16 188 19
187 21 190 22
187 39 194 39
187 55 198 55
187 65 188 68
187 77 195 77
187 78 195 78
187 79 195 79
187 91 196 91
187 100 191 101
187 103 198 103
187 110 198 110
187 115 198 115
187 149 198 149
187 150 198 150
187 152 198 152
187 155 190 156
187 157 198 157
187 177 198 177
187 180 198 180
187 186 196 186
187 196 196 196
187 201 197 201
187 210 194 210
187 212 198 212
187 231 194 231
187 240 197 240
188 8 192 9
188 30 199 30
188 31 199 31
188 42 195 42
188 48 199 48
188 52 195 52
188 53 195 53
188 62 198 62
188 82 199 82
188 94 196 94
188 133 197 133
188 134 199 134
188 139 198 139
188 143 198 143
188 144 198 144
188 146 199 146
188 147 199 147
188 148 199 148
188 154 199 154
188 160 190 162
188 171 199 171
188 172 199 172
188 173 190 175
188 182 199 182
188 188 198 188
188 190 189 194
188 202 197 202
188 214 199 214
188 233 199 233
189 2 199 2
189 3 199 3
189 14 192 15
189 16 190 19
189 23 191 25
189 26 192 27
189 43 199 43
189 44 199 44
189 46 199 46
189 47 199 47
189 49 199 49
189 65 192 67
189 75 199 75
189 80 199 80
189 81 199 81
189 84 193 85
189 86 199 86
189 87 199 87
189 97 197 97
189 118 197 118
189 119 197 119
189 131 197 131
189 164 199 164
189 200 196 200
189 207 199 207
189 215 199 215
189 216 199 216
190 4 199 4
190 34 197 34
190 37 199 37
190 45 199 45
190 63 198 63
190 109 199 109
190 111 195 112
190 113 199 113
190 138 198 138
190 153 199 153
190 163 199 163
190 183 199 183
190 187 198 187
190 190 191 194
190 203 197 203
190 204 197 204
190 208 199 208
190 246 199 246
190 247 199 247
191 16 194 17
191 18 194 19
191 21 199 21
191 22 199 22
191 58 194 59
191 68 195 69
191 72 199 72
191 73 199 73
191 116 199 116
191 145 198 145
191 155 196 156
191 160 193 162
191 173 195 174
191 175 195 176
191 181 199 181
191 213 199 213
191 218 196 219
191 234 199 234
191 241 199 241
191 242 199 242
192 0 197 1
192 10 199 10
192 11 199 11
192 12 197 13
192 23 194 25
192 28 195 29
192 100 197 101
192 124 195 126
192 135 197 136
192 178 199 178
192 190 193 194
192 227 194 229
192 230 199 230
193 8 198 9
193 14 198 15
193 26 198 27
193 64 194 67
193 89 198 90
193 92 196 93
193 104 195 106
193 140 198 141
193 165 196 166
193 184 196 185
194 32 197 33
194 50 199 51
194 84 199 85
194 127 199 128
194 160 199 161
194 190 198 191
194 192 198 193
194 194 198 195
194 197 196 199
194 220 196 222
194 238 197 239
195 17 197 20
195 23 199 24
195 38 198 40
195 58 198 59
195 60 199 61
195 64 198 66
195 95 199 96
195 158 199 159
195 167 196 170
195 210 199 211
195 227 197 229
195 231 199 232
195 248 199 249
196 5 199 7
196 28 199 29
196 41 199 42
196 52 198 54
196 67 198 69
196 76 198 79
196 104 199 106
196 107 199 108
196 120 197 123
196 124 199 126
196 173 199 174
196 175 199 176
197 91 199 94
197 165 199 168
197 184 199 186
197 196 198 200
197 217 199 220
197 221 199 223
197 243 199 245
198 32 199 36
198 97 199 102
198 117 199 122
198 129 199 133
198 201 199 206
198 224 199 229
198 235 199 240
199 12 199 20
199 52 199 59
199 62 199 71
199 135 199 145
199 187 199 198
